7972
8037
8071
8081
8047
8161
8096
8115
7993
7977
7946
8003
8070
8011
8033
8084
8048
8068
8086
8031
8012
8031
7976
8032
8096
7940
7876
7906
7791
7903
7965
8069
8164
8371
8639
8918
9249
9564
9829
10059
10301
10428
10504
10450
10316
10145
9854
9478
8920
8500
8185
7929
7801
7756
7796
7826
7899
7903
7909
8027
7999
8013
8053
7985
8087
7980
8008
8032
8057
8026
8040
8083
8042
8060
8017
8036
8073
8050
8015
8034
7983
8079
8083
8035
8123
8053
8097
8077
8020
8088
8100
8071
8129
8085
8028
8020
8083
8022
8102
8156
8006
8128
8063
8058
8119
8088
8127
8155
8093
8097
8119
8127
8110
8121
8123
8189
8191
8197
8156
8218
8237
8219
8159
8203
8225
8269
8280
8230
8247
8212
8331
8308
8324
8338
8244
8412
8298
8316
8396
8408
8417
8422
8416
8445
8482
8457
8487
8432
8562
8550
8515
8567
8543
8599
8567
8508
8467
8518
8555
8541
8570
8505
8594
8569
8603
8524
8479
8399
8470
8502
8413
8532
8422
8417
8423
8392
8328
8365
8285
8272
8353
8279
8314
8152
8227
8220
8172
8184
8184
8206
8133
8140
8138
8133
8159
8085
8025
8132
8070
8133
8125
8043
8071
8124
8070
8080
8075
8104
8119
8000
8096
8041
8108
8053
8060
8079
8033
7949
7980
8069
8029
8096
8051
8034
7989
7990
8037
8068
8130
8046
8098
8101
8042
7979
8080
7969
8082
8085
8121
8092
8066
8037
8077
8075
8038
8081
8043
8020
8006
8037
8017
8012
8128
8086
8068
8107
8114
8072
8050
8098
7976
8093
8026
8058
7995
8017
8023
8055
8029
8079
8023
8116
8109
8005
8035
8132
8053
8050
8065
7980
8085
8074
8051
8020
7999
8014
8090
8061
8090
8119
8042
7990
8025
8091
8042
8054
8021
7986
8073
8055
8048
8096
8073
8061
8040
8051
8045
8124
8125
8086
8099
8121
8090
8149
8137
8127
8097
8188
8183
8142
8119
8167
8136
8173
8194
8270
8223
8314
8249
8206
8296
8310
8265
8268
8236
8220
8220
8167
8237
8184
8108
8158
8151
8159
8115
8099
8017
8018
8089
7989
8000
7986
7980
8047
8026
7992
7948
7901
7935
7932
7960
7958
7954
7941
7931
8001
8033
7891
7971
8043
8031
7991
7909
7988
7974
7918
7943
7950
7918
7974
8011
7949
7960
7922
7938
8034
7941
7939
7891
7779
7731
7780
7738
7816
8008
8132
8279
8476
8848
9202
9420
9763
9885
10162
10395
10426
10407
10318
10039
9751
9367
8876
8396
8232
7881
7716
7637
7680
7809
7763
7731
7837
7891
7911
7957
7856
7916
7938
7884
7905
7932
8007
7886
7916
7967
7956
8004
7890
7897
7936
7977
7945
8009
7939
7948
7970
8018
7914
7945
7950
7927
7955
7968
7983
7949
7996
7963
7942
8035
7985
7998
7973
7907
8036
7938
8036
8005
8029
8039
8000
8000
8035
8019
7998
8061
8127
8036
8086
8092
8123
8023
8118
8089
8120
8149
8157
8113
8181
8091
8135
8224
8244
8162
8275
8251
8216
8224
8206
8284
8256
8246
8290
8225
8334
8308
8451
8334
8454
8398
8414
8456
8453
8467
8344
8461
8428
8478
8408
8402
8488
8427
8417
8488
8407
8439
8475
8528
8423
8457
8423
8419
8426
8411
8354
8328
8335
8346
8310
8332
8295
8303
8210
8229
8241
8203
8192
8103
8100
8167
8097
8078
8043
8073
8036
8004
8079
8009
8035
8044
8003
7988
7976
7975
7931
7983
8021
7946
7938
7941
7964
7976
7975
7968
8016
7908
7972
7921
7974
7928
7914
7977
7994
7970
7980
7965
7978
7956
7973
8009
7969
7986
8037
7959
7950
7992
7897
8015
7981
7852
7955
7976
7938
7928
7944
8006
7947
8035
7939
8011
8015
8029
7881
7971
7912
7961
7912
7918
7914
7924
8016
7991
7940
7950
7906
7951
8028
7991
8004
7966
7958
7997
7999
7912
7951
7982
7902
8004
7949
7976
7997
7963
7985
7899
7963
7878
7940
7977
7919
7932
8049
7968
7941
8031
7971
8031
7902
8002
7979
7940
7945
7918
7943
8037
7906
7959
7939
7996
7951
7989
7949
7971
8007
8052
7992
7971
8066
8044
8075
8081
8050
7984
7987
7998
8032
8010
8066
8237
8130
8090
8121
8143
8199
8132
8214
8196
8158
8195
8131
8128
8173
8113
8228
8119
8183
8032
7932
8012
7979
8019
7919
7964
7928
7995
7932
7906
7888
7854
7911
7872
7927
7868
7841
7902
7833
7833
7802
7795
7855
7866
7852
7878
7873
7839
7916
7840
7874
7824
7880
7829
7881
7909
7807
7852
7803
7889
7814
7876
7819
7891
7895
7844
7783
7802
7688
7695
7663
7722
7826
8004
8137
8423
8715
9050
9405
9682
9834
10065
10211
10411
10370
10249
9927
9586
9243
8801
8296
8045
7761
7684
7633
7683
7729
7671
7729
7787
7841
7830
7797
7901
7727
7874
7838
7788
7841
7861
7815
7827
7876
7882
7838
7846
7816
7852
7873
7833
7827
7841
7887
7805
7924
7856
7848
7847
7905
7834
7872
7906
7897
7928
7919
7925
7803
7903
7842
7916
7872
7931
7920
7940
7889
7955
7851
7988
7959
7932
7988
8000
7896
7894
7943
7903
7942
8009
7972
8016
8018
7985
7979
8090
8056
8007
8050
8082
8065
8046
8070
8070
8189
8156
8178
8140
8135
8250
8209
8261
8226
8238
8208
8283
8200
8229
8307
8244
8362
8301
8317
8328
8320
8308
8436
8450
8285
8380
8391
8329
8345
8349
8413
8364
8349
8370
8443
8381
8380
8282
8329
8312
8306
8234
8279
8246
8179
8191
8201
8171
8149
8123
8095
8148
8095
8086
8059
7968
7973
8017
7959
7937
7981
7916
7935
7962
7999
7894
7890
7846
7905
7928
7921
7916
7923
8017
7884
7865
7890
7858
7904
7923
7872
7816
7925
7890
7834
7932
7902
7826
7911
7936
7943
7861
7903
7903
7904
7858
7937
7859
7906
7824
7936
7932
7891
7929
7883
7856
7935
7906
7910
7959
7834
7919
7841
7820
7839
7956
7928
7898
7836
7883
7809
7861
7894
7904
7884
7907
7910
7824
7860
7835
7843
7839
7899
7918
7863
7908
7891
7946
7896
7873
7896
7954
7837
7896
7875
7873
7921
7891
7901
7891
7893
7903
7905
7848
7848
7818
7818
7837
7953
7890
7843
7933
7789
7808
7850
7851
7843
7875
7844
7905
7900
7848
7924
7878
7862
7874
7929
7894
7965
7956
7905
7876
7965
7934
7986
7908
7942
8001
7954
7991
7955
8073
8018
8063
8017
8050
8028
8089
8143
8067
8169
8000
8123
8077
8020
8021
8055
8007
8055
7991
7985
7953
7911
7987
7772
7841
7883
7838
7890
7784
7852
7909
7841
7854
7842
7823
7861
7840
7856
7802
7785
7782
7777
7857
7789
7782
7816
7752
7773
7766
7811
7769
7776
7687
7837
7832
7749
7784
7823
7783
7831
7714
7763
7810
7829
7856
7801
7727
7673
7638
7610
7594
7658
7794
7884
8189
8302
8604
9021
9355
9585
9805
9987
10209
10226
10205
10130
9919
9546
9234
8759
8280
7987
7705
7572
7532
7512
7546
7605
7663
7652
7716
7736
7737
7775
7772
7806
7780
7786
7816
7858
7838
7748
7825
7833
7784
7773
7753
7734
7850
7717
7814
7802
7861
7865
7831
7822
7775
7705
7816
7806
7772
7787
7837
7817
7846
7823
7767
7873
7804
7817
7782
7840
7789
7834
7810
7844
7891
7855
7846
7851
7867
7873
7871
7885
7899
7933
7968
7901
7870
7953
7934
7981
7914
7882
7979
8008
8028
8056
7984
7984
8113
8074
8035
8017
8066
8081
8058
8142
8165
8186
8097
8152
8190
8182
8209
8159
8166
8254
8213
8209
8302
8314
8264
8289
8385
8260
8286
8289
8268
8304
8249
8270
8311
8215
8318
8299
8227
8241
8220
8279
8271
8269
8231
8220
8248
8141
8198
8119
8138
8061
8026
8079
8031
8011
8009
8022
7896
7946
7852
8015
7886
7905
7947
7847
7934
7875
7861
7870
7807
7897
7799
7815
7891
7769
7812
7854
7734
7785
7802
7803
7775
7885
7804
7821
7834
7846
7843
7819
7841
7821
7785
7796
7783
7892
7816
7805
7802
7832
7832
7894
7798
7799
7839
7778
7831
7805
7840
7931
7806
7827
7849
7828
7755
7758
7830
7784
7804
7813
7907
7924
7790
7729
7867
7731
7787
7832
7754
7883
7780
7831
7840
7713
7763
7765
7816
7816
7780
7815
7758
7807
7844
7856
7805
7873
7802
7855
7838
7815
7856
7830
7860
7887
7744
7877
7813
7821
7788
7790
7842
7788
7806
7812
7715
7850
7835
7772
7710
7833
7773
7797
7797
7737
7816
7812
7858
7827
7837
7839
7839
7885
7880
7848
7957
7888
7874
7904
7960
7848
7825
7932
7877
7958
7872
7944
8012
7967
7973
7982
8061
8002
8001
8018
8031
8015
8063
8002
8018
7986
8037
8030
8030
7942
7922
7983
7848
7801
7819
7852
7741
7798
7761
7823
7739
7702
7806
7842
7750
7725
7807
7691
7796
7697
7837
7679
7750
7734
7728
7735
7779
7719
7773
7788
7735
7737
7705
7747
7693
7777
7685
7694
7757
7725
7720
7739
7739
7686
7800
7674
7738
7701
7611
7534
7506
7432
7655
7776
7944
8049
8395
8666
8980
9257
9528
9758
9920
10123
10187
10128
10043
9864
9573
9183
