8204
8191
8142
8199
8197
8236
8203
8160
8224
8087
8210
8217
8178
8119
8179
8098
8140
8243
8170
8162
8208
8219
8170
8178
8205
8212
8078
8175
8144
8234
8222
8174
8284
8189
8309
8240
8245
8210
8228
8256
8251
8300
8275
8222
8227
8261
8279
8302
8299
8325
8338
8436
8379
8367
8394
8356
8344
8387
8425
8369
8406
8379
8428
8410
8431
8357
8345
8327
8342
8220
8372
8221
8231
8153
8196
8263
8197
8139
8122
8074
8135
8142
8137
8164
8106
8076
8110
8125
7996
8140
8085
8090
8118
8108
8076
8095
8165
8126
8093
8112
8130
8094
8096
8110
8054
8142
8090
8096
8126
8168
8108
8018
8142
8115
8153
8035
8000
7926
7880
7956
7973
8199
8211
8479
8675
9021
9303
9599
9827
10100
10320
10478
10626
10542
10484
10303
9870
9507
9014
8561
8324
8003
7917
7837
7838
7877
7947
8000
8005
8033
8046
8067
8054
8082
8104
8104
8067
8030
8136
8142
8132
8093
8079
8151
8053
8085
8119
8115
8124
8171
8074
8158
8105
8096
8142
8105
8118
8080
8103
8086
8129
8178
8186
8149
8115
8145
8164
8139
8138
8157
8238
8194
8184
8199
8248
8171
8217
8194
8316
8191
8228
8186
8208
8224
8199
8252
8223
8139
8212
8252
8306
8328
8294
8308
8308
8241
8349
8355
8351
8345
8407
8356
8360
8401
8402
8393
8452
8435
8479
8487
8487
8452
8585
8528
8539
8563
8532
8542
8572
8523
8599
8635
8615
8574
8651
8562
8667
8624
8564
8590
8637
8660
8607
8618
8563
8595
8619
8577
8607
8547
8553
8569
8598
8571
8551
8484
8437
8372
8455
8278
8384
8318
8301
8320
8312
8362
8354
8293
8246
8213
8242
8222
8143
8201
8201
8107
8178
8134
8102
8144
8164
8193
8153
8251
8174
8152
8207
8075
8083
8185
8226
8160
8150
8075
8164
8128
8180
8191
8201
8179
8175
8206
8129
8025
8112
8249
8097
8151
8199
8123
8062
8136
8174
8164
8095
8112
8169
8088
8217
8171
8151
8146
8127
8143
8070
8191
8168
8123
8045
8122
8139
8164
8121
8167
8154
8172
8166
8134
8143
8090
8188
8079
8108
8108
8084
8123
8107
8200
8153
8108
8174
8096
8153
8156
8061
8150
8189
8143
8103
8171
8088
8089
8102
8122
8205
8153
8140
8155
8164
8081
8102
8121
8102
8148
8123
8146
8131
8151
8108
8100
8055
8229
8149
8123
8116
8116
8189
8192
8178
8192
8190
8266
8188
8179
8222
8256
8291
8162
8240
8263
8222
8223
8294
8291
8313
8272
8281
8353
8367
8343
8355
8345
8259
8311
8313
8407
8278
8369
8334
8294
8255
8191
8225
8149
8108
8153
8166
8095
8124
8106
8180
8128
8032
8079
8067
8056
8078
8084
8188
8077
8017
8035
8087
8010
8049
8092
8052
8081
8024
8043
7984
8051
8083
8056
8091
8025
8047
8074
7971
8046
7985
8081
8048
8033
8018
8040
8069
8123
7928
7942
7860
7931
7883
7864
8097
8178
8428
8552
8907
9240
9610
9792
10050
10249
10486
10471
10464
10358
10129
9837
9452
8972
8536
8219
7960
7855
7871
7787
7889
7862
7951
7959
7919
7954
7972
7990
8021
7944
8058
8018
7963
8067
8013
7980
8098
8094
8048
7993
8044
8039
7986
8098
8035
8084
8064
8094
8043
8022
8083
7994
8019
8061
8038
8071
8112
8033
8083
8103
8124
8067
8097
8116
8136
8136
8108
8159
8163
8082
8123
8152
8127
8182
8139
8083
8178
8169
8191
8131
8181
8125
8159
8175
8210
8119
8128
8266
8215
8197
8237
8272
8242
8272
8230
8369
8342
8258
8376
8335
8301
8288
8352
8405
8447
8473
8485
8478
8459
8447
8450
8513
8428
8474
8530
8486
8590
8556
8526
8459
8572
8531
8621
8547
8565
8511
8582
8661
8498
8565
8506
8548
8512
8529
8486
8472
8432
8551
8472
8388
8396
8388
8373
8379
8293
8337
8247
8297
8284
8226
8273
8162
8198
8116
8150
8184
8196
8094
8142
8118
8173
8080
8088
8031
8173
8108
8080
8049
8085
8128
8086
8052
8079
8127
8023
8099
8069
8019
8061
8012
7975
8075
8066
8067
8065
8054
8047
8101
8128
8099
8154
8108
8065
8061
8068
8001
8074
8041
8071
8070
8027
8074
8136
8083
8054
8086
8056
8072
8052
8152
8099
8080
8038
8022
8086
7961
7992
8035
8063
7996
8053
8051
8121
8065
8084
8077
8120
8130
8059
8090
8038
8077
8102
8058
8118
8097
8096
8047
8043
8092
8034
8047
8091
8066
8082
8028
8033
8105
8081
8047
8053
8099
8078
8096
8116
8057
7999
8079
8037
7993
8019
8061
7995
8074
8085
8036
8064
8022
8079
8109
8040
8118
8177
8188
8135
8143
8081
8090
8161
8142
8068
8174
8107
8150
8155
8140
8129
8242
8189
8294
8214
8206
8233
8230
8222
8333
8252
8187
8228
8310
8214
8319
8206
8191
8229
8172
8145
8176
8136
8051
8088
8083
8009
8065
8057
7992
7996
8015
8058
8001
7952
7926
7978
8021
8006
7951
8010
8021
8031
7968
7909
7956
7956
8020
7926
8002
7952
7906
7990
8024
8013
8010
7920
7972
7898
7941
7984
7924
7962
7929
7971
7954
7936
7896
7828
7729
7804
7756
7808
7991
8182
8340
8571
8814
9160
9526
9778
9978
10149
10322
10380
10440
10363
10071
9736
9391
8882
8426
8150
7898
7795
7672
7720
7781
7758
7841
7852
7868
7899
7926
7920
7846
7956
7975
7947
7928
8000
7971
7974
7853
7926
7965
8004
7911
7947
7997
7990
7935
7982
7999
7906
8009
8041
7979
8008
8018
8030
7997
7949
8022
7978
8018
8076
7957
8005
8052
7985
8046
7990
7949
8077
8041
8034
7949
8054
8053
8107
8058
8081
7985
8071
8117
8055
8024
8047
8058
8085
8235
8203
8084
8122
8084
8180
8112
8218
8198
8234
8176
8240
8221
8168
8239
8250
8259
8283
8296
8278
8309
8358
8382
8424
8292
8347
8390
8438
8377
8400
8500
8413
8405
8439
8435
8461
8437
8423
8444
8481
8449
8472
8488
8484
8449
8467
8493
8384
8401
8526
8421
8422
8375
8323
8388
8340
8339
8272
8314
8237
8199
8280
8213
8267
8197
8144
8084
8087
8205
8101
8084
8092
8080
8116
8019
8012
8037
7992
8072
7952
8038
7929
7994
7990
8036
7967
8041
7919
7941
7923
7971
8003
7927
8056
8008
7991
7926
7970
7945
7923
8040
7927
7927
7915
7997
7990
7979
8003
7990
8003
8015
7921
8057
7947
8015
8012
7887
7968
7968
7934
7988
7905
7948
7921
8074
7926
8020
8019
8047
8042
7998
7963
7898
7985
8050
7918
7966
8004
7996
7923
7968
7892
7931
8038
7970
8038
8003
8003
7965
8019
7955
7960
7931
8015
7967
8032
7963
8032
7967
7918
7980
8012
8006
7922
8039
8008
7918
7965
7983
7918
7984
7985
7947
7963
7981
7924
8008
7999
7983
7927
7999
7884
7965
7999
7936
8065
8044
8026
8069
8112
8090
7988
8090
8028
8016
8027
8072
7992
8057
8094
8060
8063
8079
8113
8163
8215
8148
8105
8171
8187
8216
8194
8235
8221
8185
8138
8091
8079
8094
8178
8125
8065
8124
8062
7961
8068
7930
7933
7884
7963
7868
7926
7913
7933
7974
7987
7868
7934
7817
7949
7939
7823
7874
7819
7840
7888
7941
7840
7888
7916
7956
7929
7894
7904
7866
7847
7840
7895
7882
7769
7873
7959
7922
7873
7855
7966
7880
7918
7819
7787
7734
7711
7678
7654
7774
7837
8097
8254
8443
8781
9067
9370
9707
9832
10132
10235
10404
10312
10173
9989
9747
9321
8808
8309
8089
7787
7652
7610
7612
7712
7684
7748
7719
7871
7861
7863
7901
7792
7881
7896
7836
7862
7853
7939
7835
7931
7789
7869
7805
7840
7857
7939
7916
7828
7822
7812
7868
7864
7919
7921
7933
7894
7933
7891
7905
7878
7912
7952
7889
7910
7925
7883
7875
7897
7885
7938
7896
7867
7938
7899
7953
7899
7946
7993
7986
7973
7919
7959
7929
7996
7985
7968
7993
8039
8022
8055
8058
8051
8051
8018
8079
8068
8001
8073
8094
8124
8146
8190
8157
8283
8166
8169
8240
8193
8181
8230
8359
8283
8320
8358
8324
8338
8332
8351
8323
8394
8358
8413
8389
8354
8349
8422
8388
8295
8290
8424
8387
8430
8414
8332
8304
8298
8293
8278
8250
8285
8283
8321
8215
8213
8196
8209
8157
8195
8144
8141
8101
8082
8064
8091
8007
8044
7958
7999
7956
7983
7947
7950
7858
7939
7960
7919
7898
7965
7974
7849
7874
7860
7936
7843
7958
7886
7933
7944
7945
7891
7856
7816
7863
7936
7887
7814
7824
7806
7906
7907
7838
7832
7923
7918
7890
7860
7925
7888
7952
7936
7958
7992
7839
7863
7961
7922
7826
7892
7872
7897
7852
7904
7838
7914
7937
7900
7856
7780
7890
7854
7917
7879
7821
7915
7911
7887
7882
7904
7951
7983
7949
7815
7877
7883
7898
7969
7879
7837
7863
7885
7864
7838
7874
7834
7821
7869
7867
7832
7900
7880
7869
7859
7842
7931
7845
7815
7851
7842
7914
7794
7870
7864
7935
7854
7923
7886
7846
7916
7876
7891
7910
7860
7831
7892
7873
7879
7909
8011
7880
7881
7900
7945
7933
7974
7959
7953
8048
8017
7910
