7948
7867
7915
7933
8135
8256
8466
8667
8980
9306
9615
9905
10081
10297
10514
10596
10497
10493
10217
9874
9488
9064
8615
8266
8061
7905
7939
7908
7917
7969
7999
7994
8077
8096
8093
8073
8081
8097
8130
8123
8095
8065
8047
8130
8123
8140
8134
8150
8120
8069
8184
8210
8067
8064
8192
8205
8138
8116
8150
8119
8115
8136
8187
8186
8168
8137
8182
8138
8218
8176
8165
8186
8244
8107
8238
8144
8234
8226
8146
8185
8217
8204
8227
8229
8247
8230
8211
8239
8274
8267
8210
8173
8241
8303
8313
8239
8323
8287
8326
8319
8338
8329
8368
8392
8368
8436
8405
8417
8485
8438
8529
8428
8483
8518
8541
8605
8587
8571
8488
8572
8653
8600
8508
8553
8627
8638
8628
8611
8637
8565
8629
8619
8574
8644
8712
8620
8641
8719
8588
8698
8618
8694
8593
8578
8542
8548
8516
8518
8528
8396
8410
8457
8425
8408
8451
8406
8366
8302
8253
8310
8209
8241
8293
8234
8181
8229
8220
8237
8187
8146
8221
8084
8187
8174
8119
8183
8173
8147
8160
8136
8187
8112
8098
8178
8123
8095
8145
8168
8162
8068
8122
8174
8145
8133
8158
8068
8175
8076
8138
8216
8167
8140
8128
8162
8136
8132
8110
8149
8210
8186
8161
8093
8300
8191
8125
8171
8144
8161
8113
8196
8187
8174
8129
8115
8123
8201
8206
8197
8133
8263
8186
8163
8216
8124
8101
8184
8233
8168
8094
8094
8130
8194
8179
8155
8188
8168
8127
8173
8250
8077
8169
8150
8191
8227
8093
8128
8190
8168
8140
8159
8117
8182
8104
8127
8118
8111
8097
8149
8166
8184
8136
8138
8168
8099
8137
8168
8127
8297
8178
8209
8146
8261
8183
8225
8215
8268
8169
8239
8217
8213
8222
8253
8231
8238
8215
8289
8349
8395
8330
8266
8372
8375
8349
8333
8353
8352
8385
8324
8366
8331
8341
8322
8333
8299
8337
8183
8244
8148
8152
8174
8183
8145
8205
8102
8076
8127
8144
8171
8152
8086
8128
8060
8012
8058
8031
8068
8049
8106
8087
8070
8132
8012
8089
8040
8016
8047
8081
8066
8009
8084
8024
8094
8077
8037
8078
8083
8024
8045
8051
8046
8036
7964
7870
7859
7825
7957
7872
8067
8232
8422
8640
8922
9290
9545
9861
10096
10287
10434
10585
10399
10398
10169
9856
9428
9054
8530
8267
8024
7827
7838
7814
7790
7866
7929
7962
7982
8016
8022
8016
8008
8064
8086
8054
8011
8121
8022
8098
7994
8067
8065
8041
8061
8127
8054
8067
8107
8051
8069
8095
8047
8122
8091
8150
8019
8106
8069
8102
8139
8121
8117
8118
8115
8205
8100
8196
8089
8191
8087
8160
8183
8088
8114
8134
8169
8120
8182
8152
8140
8203
8178
8235
8226
8184
8198
8144
8303
8221
8203
8252
8348
8228
8310
8293
8240
8347
8316
8349
8339
8332
8301
8369
8358
8334
8469
8461
8412
8469
8533
8518
8452
8468
8481
8528
8521
8612
8536
8593
8571
8592
8554
8609
8553
8612
8577
8553
8578
8663
8571
8561
8594
8537
8556
8594
8521
8539
8562
8561
8477
8517
8545
8479
8441
8434
8394
8369
8346
8292
8244
8296
8318
8265
8218
8194
8220
8234
8190
8206
8177
8236
8100
8183
8109
8168
8115
8090
8127
8141
8072
8096
8109
8053
8006
8104
8148
8086
7998
8122
8101
8104
8083
8053
8090
8162
7996
8024
8140
8125
8069
8050
8092
8078
8057
8027
8069
8083
8123
8080
8027
8121
8107
8005
8078
8091
8142
8078
8023
8107
8053
8060
8086
8054
8121
8136
8097
8068
8073
8045
8185
8102
8139
8168
8093
8052
8087
8054
8135
8114
8079
8097
8109
8106
8185
8151
8015
8117
8112
8059
8129
8081
8169
8130
8187
8061
8039
8046
8073
8102
8115
8031
8036
8067
8073
8091
8020
8099
8097
8060
8073
8053
8098
8176
8084
8033
8027
8132
8135
8051
8083
8079
8072
8173
8091
8123
8152
8121
8191
8150
8154
8128
8166
8133
8202
8103
8122
8202
8131
8236
8247
8346
8217
8272
8314
8213
8254
8348
8331
8285
8265
8274
8244
8261
8294
8255
8283
8262
8299
8232
8197
8124
8080
8194
8104
8160
8069
8121
8057
8069
8021
8066
7983
7993
8053
8005
7980
8042
8028
7979
8040
8020
8014
8031
8039
8037
8023
7963
8053
7951
8035
7965
7968
7994
8010
7993
7975
7937
7997
7998
8014
7994
7992
7990
7995
8006
7938
7989
7877
7797
7785
7814
7849
7978
8178
8262
8576
8889
9185
9498
9788
9994
10204
10370
10414
10406
10299
10158
9779
9390
8923
8596
8142
7862
7730
7823
7704
7785
7768
7875
7846
7940
7936
7931
7968
7992
7987
7976
7983
7974
7955
7975
7950
7980
7904
7979
8027
7990
8039
8016
7962
8001
8001
8018
7991
7959
7986
8032
8023
8049
8003
8023
7940
8099
8055
8047
8063
8045
8008
7956
8052
8052
8068
7971
7998
8114
8102
7972
8087
8089
8098
8019
8096
8006
8164
8091
8003
8099
8040
8160
8140
8186
8197
8100
8070
8087
8179
8191
8175
8141
8176
8236
8226
8236
8246
8222
8283
8235
8264
8263
8336
8230
8378
8430
8375
8418
8364
8432
8518
8440
8438
8520
8442
8470
8535
8503
8447
8400
8447
8500
8501
8486
8444
8459
8517
8450
8512
8496
8483
8557
8432
8462
8458
8464
8396
8392
8384
8340
8326
8306
8277
8303
8250
8235
8230
8209
8122
8143
8166
8167
8134
8100
8116
8118
8101
8087
8091
8020
7951
8072
8022
8028
7997
8010
8011
8031
8015
8044
7943
7966
7977
8022
8022
8010
8014
7930
8032
7980
7978
8069
7916
8007
8025
7947
7968
8024
8085
8052
7992
7984
8008
8030
7991
7968
8053
8028
8063
7983
8006
7983
8056
7958
7990
8007
7936
8005
7993
8045
8023
8047
7982
8023
7973
8008
8068
8074
8075
8027
8037
8036
7976
7908
8033
7953
8004
7997
8075
8021
8024
8063
8062
7960
7954
8069
8034
7995
8002
8025
8015
8019
8069
7946
8015
8047
7998
8008
8004
7993
7969
8026
8034
8014
7928
8028
8058
8090
8002
7962
7943
8019
8060
7966
7987
8007
7978
7992
7976
7922
8073
8104
8059
8057
7957
8104
8049
8017
8027
8038
8018
8147
8101
8107
8085
8122
8140
8164
8075
8163
8281
8206
8234
8174
8202
8205
8193
8219
8190
8155
8173
8159
8172
8170
8197
8104
8078
7969
8023
8071
8041
7947
7976
8027
7994
7896
8002
7976
7886
7895
7891
7915
7938
7944
7886
7866
7815
7881
7892
7936
7903
7872
7955
7985
7912
7868
7915
7972
7932
7869
7907
7927
7880
7932
7923
7856
7845
7788
7922
7972
7933
7928
7861
7866
7715
7629
7666
7721
7868
8026
8321
8505
8778
9064
9360
9768
9944
10030
10218
10390
10250
10214
10042
9741
9273
8803
8391
8062
7804
7688
7642
7637
7662
7747
7732
7791
7771
7876
7748
7907
7895
7878
7895
7883
7896
7881
7854
7915
7953
7939
7946
7925
7911
7889
7938
7857
7914
7871
7885
7938
7954
7963
7907
7915
7931
7953
7964
8027
8011
7954
7962
7951
7951
7963
7971
7999
7924
7914
7938
7973
7999
8000
7981
7949
7994
7947
7935
7939
7985
7997
7957
8061
8045
7916
8063
8017
8062
8035
8065
8048
8044
8077
8119
8156
8099
8076
8123
8160
8172
8237
8140
8221
8231
8178
8289
8195
8291
8231
8237
8324
8294
8323
8331
8356
8358
8425
8379
8406
8397
8371
8431
8263
8384
8369
8413
8366
8416
8360
8407
8361
8389
8409
8411
8455
8409
8326
8375
8381
8305
8360
8305
8279
8246
8271
8213
8252
8168
8156
8151
8078
8092
8095
8062
8096
8014
8059
7997
7992
8025
7994
8022
7975
8000
7907
7904
7947
7926
7905
7921
7906
7964
7939
7875
7953
7913
7886
7894
7863
7927
7944
7910
7887
7878
7928
7918
7874
7900
7901
7910
7878
7914
7955
7856
7913
7936
7892
7863
7950
7912
7938
7898
7895
7877
7928
7937
7902
7877
7926
7914
7888
8024
7926
7948
7883
7898
7960
7911
7875
7934
7962
7964
7862
7888
7968
7933
7932
7926
7865
7862
7919
7872
7877
7885
7885
7874
7982
7870
7928
7864
7887
7941
7913
7964
7925
7898
7919
7937
7949
7900
7882
7872
7934
7877
7909
7877
7888
7817
7873
7852
7864
7902
7885
7876
7903
7877
7841
7914
7926
7921
7936
7893
7900
7984
7902
7975
7847
7948
7948
7970
8003
7987
8031
7952
8004
8004
8046
8008
7992
7989
8049
8115
8049
8114
8177
8196
8110
8199
8148
8173
8141
8105
8109
8111
8064
8030
8033
8074
8088
8077
8021
7946
7980
7825
7888
7923
7962
7881
7871
7846
7824
7872
7892
7859
7872
7844
7886
7818
7860
7823
7852
7827
7830
7850
7836
7795
7847
7821
7783
7782
7831
7818
7809
7790
7859
7794
7848
7795
7797
7774
7770
7769
7864
7814
7826
7768
7761
7709
7590
7673
7597
7698
7762
8017
8123
8417
8625
8997
9353
9630
9887
9976
10225
10303
10221
10117
9927
9568
9324
8792
8355
8064
7681
7575
7554
7551
7650
7649
7723
7733
7773
7726
7700
7821
7788
7765
7825
7764
7850
7801
7831
7840
7822
7875
7789
7882
