8064
8071
8132
7948
8002
8009
8007
8004
7972
7974
7977
7972
7953
7944
7957
7973
7903
7982
7930
7875
7867
7902
7892
7938
7917
7964
7928
7890
8023
7843
7923
7921
7989
7903
7997
7959
7904
7965
7948
7953
7918
7920
7973
7920
7957
7845
7911
7939
7805
7768
7692
7754
7931
8087
8221
8541
8866
9118
9476
9775
9869
10216
10340
10434
10310
10316
10074
9702
9323
8889
8400
8083
7887
7744
7690
7660
7735
7773
7788
7848
7840
7990
7917
7986
7916
7920
7994
7983
7927
7982
7872
7952
7979
7946
7943
7902
7937
8010
7968
7962
7936
7991
8034
7980
8034
7929
7928
8022
7989
7968
7980
7963
7958
8027
8090
8024
8136
8015
7941
7989
8045
8026
8034
8024
8055
8063
7988
8096
8004
8020
8062
8039
8004
8019
8154
8061
8110
7981
8125
8079
8043
8122
8189
8189
8092
8095
8154
8090
8159
8150
8245
8254
8238
8314
8244
8302
8280
8348
8345
8402
8320
8363
8333
8341
8447
8325
8374
8434
8427
8567
8484
8477
8478
8483
8505
8450
8483
8468
8457
8456
8493
8519
8559
8484
8516
8536
8580
8481
8459
8419
8516
8447
8373
8471
8378
8406
8354
8349
8295
8265
8263
8220
8324
8226
8178
8264
8153
8244
8158
8062
8090
8069
8122
8116
8047
8040
8078
8154
7988
7995
8031
8051
8055
8020
7983
8020
7987
8002
7971
8076
8005
8034
8030
8053
8065
8017
8006
7991
8087
8026
8084
8031
8020
7991
8026
8053
8142
8137
8065
8024
8053
8086
7957
8077
8046
8057
8126
8067
8110
8056
8085
8032
8040
7980
8077
8087
8075
8091
8075
8038
8071
8089
8063
8047
8064
8103
8067
8070
8024
8029
8067
8014
7997
8005
8019
8114
8072
8137
8112
8026
8082
8064
8111
8063
8028
8109
8015
8110
8048
8104
8115
8047
8084
8071
8086
8111
8064
8094
8112
8066
8011
8098
8089
8009
8078
8105
8030
8002
8076
8046
8036
8014
8094
8107
8067
8088
8159
8266
8178
8128
8156
8132
8120
8147
8184
8107
8141
8123
8173
8212
8124
8207
8142
8246
8176
8267
8244
8242
8281
8265
8247
8299
8308
8253
8248
8247
8221
8291
8271
8290
8266
8202
8233
8139
8239
8079
8128
8050
7953
8080
7993
8048
8054
8027
7997
8019
8045
8082
7993
8030
8007
8076
7978
8039
7945
8026
8089
8029
8063
7994
8074
8031
8017
7999
8072
8026
8019
8020
8009
7972
8001
7984
8042
7985
7989
7974
8007
8023
7978
7978
7924
7875
7849
7883
7839
8032
8180
8420
8624
8905
9250
9515
9877
10026
10209
10385
10635
10468
10331
10178
9789
9482
8968
8470
8192
7984
7791
7832
7850
7870
7877
7844
7946
7977
7954
8032
8002
7983
7949
8034
8050
7955
7983
8063
8009
8018
8034
8045
8078
8075
8005
8065
8079
8101
8071
8027
7940
8053
8080
8100
7985
8039
8049
8055
8089
8084
8119
8126
8067
8116
8030
8145
8065
8097
8089
8077
8168
8145
8111
8125
8192
8155
8190
8146
8128
8115
8132
8185
8182
8224
8142
8174
8181
8213
8247
8266
8244
8244
8341
8251
8242
8284
8316
8274
8293
8332
8307
8352
8413
8402
8340
8381
8398
8420
8474
8446
8500
8477
8481
8593
8485
8543
8562
8571
8567
8599
8575
8591
8539
8610
8576
8537
8600
8543
8625
8635
8579
8560
8612
8591
8519
8608
8477
8556
8525
8553
8535
8564
8525
8420
8411
8440
8365
8375
8294
8369
8348
8249
8305
8259
8206
8244
8241
8213
8227
8188
8202
8159
8161
8136
8168
8155
8165
8175
8167
8245
8131
8104
8091
8091
8072
8081
8088
8145
8094
8133
8152
8093
8125
8095
8053
8163
8083
8036
8080
8101
8172
8092
8154
8118
8092
8176
8108
8085
8125
8103
8154
8088
8135
8084
8203
8174
8209
8171
8109
8132
8141
8173
8137
8195
8160
8157
8156
8176
8121
8133
8082
8120
8222
8166
8207
8155
8145
8139
8113
8087
8134
8219
8111
8152
8166
8082
8145
8123
8167
8139
8156
8122
8179
8132
8088
8174
8178
8104
8170
8094
8132
8170
8169
8125
8071
8222
8110
8123
8119
8067
8092
8121
8161
8196
8074
8135
8083
8174
8159
8246
8201
8237
8214
8107
8179
8199
8265
8247
8212
8229
8162
8198
8246
8236
8253
8289
8232
8260
8245
8317
8302
8289
8310
8254
8320
8352
8350
8375
8362
8298
8366
8327
8383
8392
8322
8369
8396
8283
8344
8289
8266
8232
8240
8128
8221
8180
8176
8085
8101
8117
8047
8139
8121
8097
8053
8023
8053
8084
8115
8056
8012
8110
8004
8118
8086
8127
8179
8097
8055
8144
8064
8161
8128
8056
8035
8062
8118
8017
8083
7995
8077
8049
8036
8084
8159
8134
8003
7979
7857
7962
7863
8035
8103
8331
8375
8645
8971
9353
9617
9905
10107
10293
10439
10555
10555
10440
10222
9920
9515
9003
8549
8324
8032
7877
7861
7870
7949
7956
7966
7950
8022
8038
8092
8032
8139
8043
8131
8082
8113
8061
8111
8097
8112
8152
8160
8113
8043
8089
8064
8160
8169
8133
8113
8155
8124
8150
8056
8110
8129
8114
8119
8141
8087
8176
8187
8077
8155
8188
8143
8092
8205
8175
8234
8206
8219
8143
8223
8194
8211
8175
8189
8126
8322
8149
8188
8175
8228
8207
8275
8224
8222
8268
8244
8274
8311
8315
8371
8340
8381
8305
8362
8338
8399
8433
8434
8408
8372
8443
8467
8470
8504
8459
8523
8561
8523
8558
8524
8654
8566
8558
8632
8542
8673
8691
8644
8634
8608
8619
8630
8611
8622
8605
8645
8629
8624
8651
8640
8619
8595
8578
8597
8649
8582
8583
8515
8526
8501
8532
8487
8466
8438
8404
8390
8372
8380
8305
8348
8348
8291
8272
8240
8306
8271
8225
8225
8259
8240
8204
8194
8172
8158
8232
8171
8234
8165
8202
8135
8166
8095
8195
8177
8208
8197
8093
8192
8178
8096
8187
8153
8152
8151
8115
8115
8171
8230
8153
8189
8102
8180
8217
8170
8146
8240
8165
8122
8191
8180
8155
8202
8174
8184
8183
8173
8187
8125
8175
8154
8160
8180
8159
8196
8156
8185
8139
8124
8194
8216
8155
8232
8222
8189
8196
8191
8212
8195
8241
8162
8302
8201
8158
8175
8239
8223
8202
8185
8145
8250
8186
8145
8224
8178
8224
8229
8197
8234
8225
8191
8275
8199
8161
8220
8203
8152
8178
8242
8197
8194
8169
8159
8129
8143
8214
8202
8176
8196
8224
8200
8154
8309
8253
8279
8188
8251
8269
8281
8309
8199
8314
8389
8227
8278
8282
8386
8313
8327
8344
8431
8352
8311
8368
8330
8447
8507
8390
8471
8409
8421
8378
8388
8356
8273
8326
8345
8284
8290
8248
8226
8218
8157
8236
8218
8218
8085
8169
8101
8129
8133
8157
8178
8138
8095
8163
8124
8131
8117
8096
8131
8046
8052
8137
8091
8136
8140
8074
8167
8107
8066
8173
8160
8150
8161
8086
8150
8099
8021
8101
8118
8089
8120
8087
7960
7927
7972
7923
7970
8176
8342
8464
8696
9041
9295
9568
9909
10117
10354
10518
10665
10592
10472
10219
9918
9546
9015
8601
8245
7998
7913
7903
7806
7929
7948
7980
8021
8099
8116
8143
8074
8047
8111
8073
8146
8101
8074
8135
8143
8167
8069
7992
8147
8034
8128
8143
8151
8131
8083
8121
8225
8143
8131
8138
8142
8130
8074
8159
8196
8176
8166
8217
8135
8055
8106
8160
8178
8152
8187
8278
8272
8247
8203
8254
8217
8259
8241
8285
8255
8246
8275
8292
8275
8231
8321
8228
8256
8287
8289
8246
8288
8264
8298
8354
8301
8359
8328
8362
8405
8327
8388
8376
8439
8490
8454
8487
8442
8408
8574
8566
8516
8586
8618
8611
8558
8606
8597
8573
8604
8626
8635
8684
8721
8649
8645
8650
8682
8636
8675
8726
8696
8728
8685
8646
8612
8597
8617
8600
8554
8622
8574
8551
8537
8566
8522
8481
8440
8375
8468
8358
8319
8423
8360
8339
8322
8337
8324
8320
8219
8289
8261
8158
8264
8234
8258
8147
8214
8190
8147
8209
8166
8171
8216
8105
8224
8203
8177
8229
8228
8244
8138
8122
8253
8228
8203
8152
8199
8117
8189
8224
8258
8186
8225
8192
8213
8169
8203
8253
8204
8150
8164
8210
8202
8185
8248
8218
8102
8160
8224
8197
8151
8239
8186
8193
8215
8191
8178
8209
8221
8161
8193
8256
8206
8216
8207
8188
8143
8174
8207
8252
8180
8174
8203
8214
8196
8202
8232
8233
8180
8213
8188
8222
8220
8254
8273
8244
8114
8229
8136
8261
8169
8219
8170
8175
8193
8234
8160
8245
8136
8183
8205
8188
8255
8160
8150
8244
8199
8217
8111
8140
8221
8176
8160
8202
8290
8307
8238
8284
8229
8211
8262
8257
8245
8280
8220
8316
8297
8269
8278
8324
8361
8377
8371
8409
8363
8384
8487
8456
8423
8413
8430
8403
8417
8403
8429
8444
8378
8329
8346
8287
8317
8229
8220
8233
8200
8143
8218
8167
8177
8169
8209
8141
8193
8163
8177
8199
8178
8117
8168
8063
8090
8127
8079
8080
8097
8175
8177
8082
8113
8066
8111
8106
8093
8113
8170
8058
8087
8166
8190
8104
8131
8150
8138
8120
8102
8109
8091
8031
