7726
7836
7800
7887
7722
7810
7754
7794
7830
7828
7861
7793
7802
7830
7864
7843
7893
7771
7799
7799
7751
7673
7583
7573
7684
7833
7990
8132
8462
8703
9027
9293
9587
9833
10019
10281
10280
10205
10111
9915
9585
9223
8687
8383
8008
7694
7570
7585
7609
7597
7741
7717
7718
7765
7822
7746
7794
7831
7870
7765
7852
7711
7818
7796
7782
7842
7787
7855
7906
7899
7860
7844
7831
7873
7796
7849
7896
7871
7866
7819
7818
7925
7835
7885
7865
7837
7967
7838
7895
7908
7820
7923
7808
7874
7857
7943
7858
7823
7895
7975
7867
7848
7951
7944
7909
7901
7974
7931
7947
7986
7975
7953
7928
8010
7962
8014
8052
8079
7970
8029
8031
8085
8023
8052
8150
8140
8112
8158
8144
8145
8187
8209
8241
8172
8178
8229
8285
8340
8268
8304
8325
8329
8380
8391
8411
8340
8335
8319
8505
8375
8407
8293
8329
8381
8380
8405
8371
8429
8320
8404
8354
8331
8302
8406
8346
8281
8276
8188
8195
8244
8181
8264
8183
8235
8148
8090
8119
8068
8049
8040
8039
8032
7964
7981
8014
8056
7967
8008
8010
7925
7903
7946
7956
7910
7928
7931
7887
7919
7901
7822
7899
7890
7936
7914
7927
7897
7932
7914
7945
7864
7913
7908
7991
7965
7896
7953
7917
7888
7924
7865
7938
7877
7933
7902
7933
7955
7948
7918
7941
7941
7901
7975
7826
7948
7899
7929
7946
7854
7885
7926
7966
7967
7892
7955
7946
7935
7957
7917
7918
7887
7917
7912
7920
7941
8005
7911
7927
7965
7975
7927
7974
7947
7895
7982
7858
7914
7968
7874
7969
8015
7933
7903
7903
7946
7965
7956
7919
7902
7971
7988
7897
7962
7940
7885
7936
7938
7980
7876
7931
7949
7955
7959
7964
7976
7946
7941
8003
8024
7975
8018
8038
7957
8046
8060
8036
8064
8033
8068
8007
8020
8018
7982
8006
8124
8074
8016
8106
8181
8093
8142
8129
8120
8157
8270
8230
8183
8109
8161
8168
8172
8138
8171
8138
8094
8098
8082
8091
8020
7954
7940
8081
7972
7932
7863
7900
7896
7890
7889
7914
7955
7903
7956
7837
7999
7843
7860
7912
7866
7785
7875
7844
7831
7925
7887
7915
7874
7899
7917
7921
7845
7891
7825
7855
7901
7793
7858
7892
7924
7907
7878
7877
7840
7874
7700
7634
7679
7656
7738
7984
8052
8253
8465
8700
9096
9437
9743
9919
10124
10329
10392
10322
10247
9972
9744
9301
8836
8365
8090
7810
7740
7654
7709
7736
7753
7811
7772
7814
7880
7863
7926
7832
7844
7906
7877
7945
7900
7990
7904
7918
7937
7923
7921
8030
7959
7900
7975
7900
7979
7914
7860
7920
7999
7904
7890
7981
7906
7976
7902
7976
8002
7930
7992
7948
7967
7994
7986
7942
7990
7993
8002
8001
8018
7930
7984
8061
7997
7983
8025
8032
8026
8022
8001
7962
8012
8031
8052
8143
8113
8098
8074
8075
8123
8167
8057
8154
8098
8140
8106
8229
8237
8259
8226
8294
8199
8237
8272
8303
8325
8355
8381
8361
8376
8453
8350
8391
8427
8421
8490
8423
8429
8413
8501
8464
8451
8505
8451
8406
8466
8459
8417
8473
8465
8425
8431
8443
8475
8442
8449
8384
8362
8380
8433
8283
8273
8283
8251
8236
8254
8241
8191
8180
8109
8152
8119
8087
8171
8155
8048
8020
8012
8030
7993
8075
8124
8026
8000
8072
8028
7975
8001
8016
8025
8018
8062
7985
8012
8036
8010
7917
7936
8062
8057
8006
7968
7902
7979
7942
8018
7957
8007
8021
7989
7981
7986
7991
8009
8010
7964
8019
7970
7971
7949
7944
7997
8038
8045
7995
8052
8003
8068
8012
8061
8036
8050
8029
8016
8001
8017
8141
7935
7994
8048
8046
8018
8090
8060
8063
8075
7987
8040
8014
8036
8051
8010
8028
8062
8039
7978
8054
8025
7987
8049
8140
8078
7989
8005
8040
8007
8081
8045
8100
8036
8063
8014
7987
7984
8030
7937
8019
8016
8010
8007
8021
7976
8008
8032
8016
8070
8087
8022
8033
8085
7978
8092
8048
8111
8132
8117
8073
8116
8037
8179
8063
8134
8091
8062
8154
8131
8118
8145
8193
8299
8221
8252
8228
8197
8261
8321
8222
8237
8286
8296
8290
8167
8254
8223
8224
8198
8122
8164
8098
8077
8103
8065
7980
8040
7974
7991
7971
8021
8019
8063
8008
8027
7982
8033
8015
7995
7951
8034
7968
7968
7971
7980
7919
8018
7929
7959
8022
8047
7974
7978
7994
7966
8018
8016
8012
7966
7961
7941
7973
7960
7995
8007
8025
7903
7865
7781
7876
7830
7840
8049
8159
8313
8590
8838
9183
9451
9791
9917
10165
10469
10502
10359
10271
10103
9813
9368
8998
8539
8174
7977
7814
7734
7721
7817
7773
7806
7861
7936
7948
7991
7937
7965
7945
7963
7924
8028
7993
7998
7990
8011
7988
7935
7986
7977
8002
8018
8051
8001
8042
8042
8080
7985
7977
7985
7982
8097
8046
8061
8024
8057
8044
8111
8019
8039
8017
8084
8071
8059
8043
8076
8098
8140
8055
8121
8119
8115
8016
8126
8120
8076
8160
8042
8142
8075
8147
8168
8121
8186
8195
8174
8226
8181
8235
8215
8243
8224
8274
8262
8299
8330
8321
8392
8357
8237
8401
8363
8342
8366
8358
8412
8416
8442
8456
8422
8451
8513
8525
8531
8527
8537
8559
8471
8555
8570
8612
8502
8571
8580
8542
8529
8496
8558
8542
8579
8547
8476
8531
8492
8464
8439
8467
8445
8423
8446
8326
8321
8317
8358
8329
8271
8261
8323
8249
8251
8136
8189
8182
8150
8185
8196
8147
8118
8113
8160
8074
8099
8123
8091
8045
8110
8092
8076
8156
8026
8045
8001
8118
8068
8086
8086
8141
8099
8043
7959
8087
8084
8075
8093
8108
8096
8096
8107
8129
8100
8117
8113
8029
8043
8093
8084
8089
8093
8093
8134
8141
8155
8111
8106
8093
8111
8130
8056
8057
8113
8135
8111
8097
8115
8120
8095
8101
8142
8126
8146
8167
8114
8110
8080
8138
8166
8133
8164
8103
8111
8057
8162
8105
8091
8100
8105
8086
8181
8136
8111
8117
8095
8106
8056
8154
8093
8124
8114
8197
8115
8075
8086
8087
8125
8074
8093
8109
8214
8060
8144
8105
8107
8109
8149
8106
8094
8120
8135
8207
8202
8103
8211
8093
8199
8186
8111
8146
8233
8177
8184
8157
8152
8232
8225
8185
8211
8299
8296
8269
8304
8279
8313
8325
8303
8363
8382
8290
8377
8326
8299
8329
8282
8280
8327
8316
8195
8152
8256
8236
8116
8205
8065
8108
8162
8097
8124
8057
8143
8082
8127
8055
7996
8105
8140
8049
8099
8044
8079
8028
8047
8003
8095
8008
8078
8041
8043
8081
8130
8120
8063
8117
8034
8010
7992
8013
8052
8023
8066
8050
8103
8076
8003
8039
7874
7866
7855
7854
7893
8109
8238
8411
8587
8920
9192
9634
9914
10056
10217
10442
10504
10488
10406
10131
9909
9525
8974
8571
8223
7955
7782
7842
7768
7877
7860
8015
7948
7976
8062
8048
8043
8100
8045
8062
8114
8098
8020
8036
8111
8009
8035
8096
8109
8018
8058
8102
8102
8000
8104
8078
8127
8147
8145
8123
8086
8149
8110
8172
8090
8201
8139
8106
8138
8230
8075
8148
8184
8125
8155
8202
8160
8170
8088
8163
8158
8195
8162
8133
8184
8206
8219
8194
8136
8206
8243
8224
8291
8230
8177
8272
8279
8318
8249
8281
8318
8288
8303
8292
8393
8400
8367
8387
8377
8477
8468
8363
8464
8397
8504
8502
8514
8463
8529
8504
8568
8592
8532
8583
8594
8648
8577
8553
8667
8602
8495
8671
8678
8679
8556
8624
8694
8610
8599
8610
8535
8641
8552
8601
8589
8617
8507
8507
8542
8565
8470
8387
8407
8498
8429
8398
8351
8213
8322
8306
8268
8335
8280
8229
8192
8199
8180
8203
8141
8149
8168
8217
8193
8196
8147
8182
8150
8178
8126
8153
8172
8192
8168
8071
8123
8100
8220
8112
8055
8151
8129
8194
8082
8126
8172
8100
8162
8125
8088
8172
8095
8174
8147
8136
8138
8125
8148
8238
8121
8199
8194
8134
8158
8209
8188
8076
8025
8170
8194
8140
8158
8165
8233
8127
8196
8171
8157
8142
8251
8216
8207
8156
8147
8142
8171
8151
8201
8105
8147
8181
8153
8173
8252
8252
8181
8108
8208
8093
8211
8142
8237
8158
8181
8200
8173
8236
8196
8159
8171
8139
8159
8265
8268
8050
8174
8249
8193
8184
8129
8200
8156
8108
8188
8110
8206
8226
8192
8199
8230
8252
8195
8190
8197
8239
8164
8268
8239
8243
8312
8268
8339
8227
8309
8161
8181
8278
8383
8387
8349
8346
8333
8341
8392
8376
8364
8389
8376
8371
8385
8304
8346
8293
8375
8338
8297
8290
8275
8288
8182
8225
8225
8149
8204
8165
8097
8129
8133
8164
8100
8135
8099
8084
8131
8126
8151
8166
8134
8088
8098
8115
8050
8045
8031
8156
8042
8088
8148
8118
8126
8150
8111
8064
8050
8107
8119
8132
8064
8057
8078
8106
8145
7974
8087
8062
7858
7898
7824
8013
8088
8316
8458
8698
8962
9341
9635
9917
10085
10278
10489
10610
10564
10475
10201
9942
9468
9044
8542
8258
8063
7944
7890
