7966
7936
8003
8029
8076
8035
8059
8057
8107
8126
8123
8070
8165
8105
8167
8173
8198
8269
8194
8299
8312
8281
8281
8266
8372
8254
8268
8373
8298
8318
8281
8420
8334
8360
8300
8311
8370
8356
8357
8360
8341
8303
8277
8379
8314
8278
8327
8344
8306
8245
8219
8243
8171
8226
8207
8143
8153
8109
8180
8102
8058
8070
8001
8040
8020
8036
7989
8001
7953
7925
7932
7916
7920
7818
7889
7852
7854
8025
7840
7890
7920
7958
7973
7866
7953
7911
7873
7899
7868
7907
7906
7908
7895
7860
7884
7905
7888
7917
7840
7904
7877
7826
7929
7811
7931
7885
7907
7861
7888
7923
7902
7852
7957
7912
7923
7916
7886
7924
7915
7888
7862
7905
7943
7896
7908
7864
7924
7953
7937
7832
7949
7920
7907
7891
7915
7968
7913
7919
7938
7902
7917
7903
7855
7929
7904
7870
7909
7913
7979
7907
7870
7980
8023
7908
7936
7976
7982
7993
7894
7896
7924
7880
7965
7929
7919
7910
7943
7915
7898
7939
7875
7912
7939
7924
7894
7866
7952
7914
7875
7990
7888
7994
7936
7913
7948
7960
8053
7967
7993
7939
7968
7957
7986
8085
8059
7998
8032
8024
8062
8045
8055
8098
8140
8073
8048
8135
8186
8112
8196
8118
8171
8106
8105
8091
8076
8112
8121
8024
8015
8032
7924
7979
7931
7987
7893
7862
7864
7928
7936
7823
7878
7868
7841
7874
7860
7860
7905
7873
7860
7816
7839
7910
7895
7854
7874
7946
7832
7886
7922
7882
7902
7912
7864
7906
7930
7855
7821
7790
7794
7870
7878
7875
7895
7850
7890
7795
7778
7705
7701
7676
7728
7967
8048
8193
8452
8733
9038
9355
9682
9901
10084
10237
10459
10354
10244
9986
9709
9308
8734
8383
8038
7824
7664
7670
7636
7596
7690
7738
7782
7790
7816
7807
7864
7916
7866
7842
7977
7905
7892
7802
7821
7932
7895
7917
7908
7892
7863
7862
7920
7947
7886
7883
7860
7916
8018
7909
7872
7855
7888
7914
7863
7891
7958
7964
7989
7906
7895
7957
7934
8012
7975
7996
8021
7933
7977
7966
7944
8017
7976
8022
8032
7997
8092
8037
8062
8022
8075
8057
8098
8002
8120
8088
7973
8116
8132
8080
8077
8064
8079
8097
8160
8181
8213
8225
8147
8269
8262
8290
8221
8288
8264
8294
8345
8304
8343
8378
8357
8314
8410
8387
8412
8489
8393
8444
8432
8394
8447
8386
8460
8404
8380
8440
8429
8460
8402
8466
8460
8427
8417
8401
8302
8395
8285
8363
8319
8330
8301
8270
8197
8231
8203
8254
8200
8114
8108
8095
8083
8063
8081
8081
8059
8074
8073
8015
8007
8048
7997
7906
7995
8041
8010
8007
8013
7910
7961
7973
8015
7932
7965
7960
7966
8012
7980
7924
8003
8020
7988
7967
8010
7947
8020
7964
8045
7940
7988
7979
8040
7954
8023
7955
8064
7981
7998
8006
8057
8016
8056
8088
7967
8002
8019
8001
7974
8077
8004
7957
7993
7980
7991
8011
7951
7894
8035
7985
7990
8016
8037
7990
8010
7907
8042
7927
7995
7984
7985
7994
7952
8037
8040
7955
8013
7934
8079
8060
7962
7947
7990
8049
7907
7945
8061
7964
8008
7971
8016
7964
7982
8045
8074
7964
7995
7970
8048
7952
7988
8035
7969
7991
8066
7910
8001
8057
7988
8011
8000
8126
8031
8032
8086
8066
8104
8115
8100
8076
8142
7996
8071
8124
8164
8087
8150
8174
8109
8151
8173
8164
8213
8209
8249
8165
8207
8236
8294
8206
8274
8197
8185
8160
8228
8162
8261
8230
8105
8084
8028
8001
8013
7944
8003
8011
7989
7901
7917
7914
8024
8024
7951
7991
8017
7863
7946
7967
7937
7898
8013
7961
7951
7949
7945
7962
7975
7910
7934
7963
8004
7951
7983
8009
7933
7990
7982
7945
7887
8005
7952
7956
7896
7911
7831
7842
7785
7781
7759
7759
7966
8208
8279
8523
8880
9175
9475
9808
9969
10210
10326
10483
10367
10317
10098
9747
9435
8948
8438
8181
7866
7742
7661
7711
7750
7740
7903
7803
7874
7879
7997
7905
7906
7993
7920
8073
7897
7978
7942
7935
7974
8030
7975
7958
7951
7968
7965
7998
8076
8007
7963
7995
8065
8000
8041
8011
8047
8001
7979
8045
8061
8043
7972
8068
8015
8089
8018
8054
8049
8037
8058
8110
8149
8046
8044
8011
7998
8010
8166
8096
8091
8092
8051
8055
8090
8145
8131
8050
8103
8144
8193
8139
8163
8254
8115
8210
8216
8160
8259
8251
8256
8304
8394
8282
8319
8264
8320
8335
8368
8389
8440
8482
8360
8397
8434
8400
8444
8408
8486
8534
8497
8539
8551
8486
8537
8455
8523
8498
8550
8555
8493
8509
8511
8581
8479
8521
8449
8516
8507
8477
8437
8441
8430
8415
8343
8351
8332
8358
8350
8245
8262
8188
8298
8224
8147
8184
8237
8130
8113
8146
8100
8112
8076
8118
8128
8114
8131
8107
8071
8017
8085
8114
8073
8063
8077
8065
8082
8104
8060
8059
8022
8018
8059
8015
8055
7959
8088
8115
8039
8048
8090
8056
7980
8030
8054
7964
8118
8030
8027
8112
8026
8078
7992
8131
8082
8054
8024
8003
8139
8103
8037
8059
8086
8037
8103
8075
8065
8111
8023
8129
8040
8132
8095
8065
8045
8058
8175
8124
8034
8127
8152
8068
8086
8157
8071
8073
8071
8123
8025
8068
8105
8104
8112
8093
8150
8050
8069
8034
8062
8135
8127
8126
8057
8092
8055
8140
8111
8118
8062
8033
8117
8156
8156
8100
8112
8100
8115
8133
8014
8022
8149
8052
8090
8094
8157
8101
8193
8162
8149
8211
8167
8107
8252
8160
8210
8162
8285
8160
8272
8166
8176
8313
8234
8304
8264
8268
8311
8316
8326
8339
8329
8299
8317
8376
8281
8264
8259
8242
8267
8267
8174
8181
8174
8149
8132
8083
8134
8075
8133
8155
8071
8174
8099
8037
8114
8008
8064
8044
8073
8052
8037
8067
8040
8042
8053
7995
8046
8143
8024
8027
7974
8053
8025
8046
8052
8052
8005
8040
8050
7995
8066
7956
8007
8115
8020
8023
7993
7957
7879
7938
7786
7847
7940
8070
8203
8377
8594
8925
9223
9575
9796
10087
10253
10482
10455
10522
10421
10154
9897
9507
8951
8548
8284
7921
7782
7776
7779
7873
7893
7959
7923
8004
8035
8107
8002
8079
7996
7987
8056
8167
8092
8109
8126
8068
8001
8136
8026
8020
8038
8088
8068
8123
8035
8025
8013
8096
8082
8035
8014
8087
8133
8030
8102
8060
8104
8137
8104
8116
8150
8136
8186
8049
8152
8130
8105
8158
8075
8106
8178
8194
8127
8165
8153
8213
8137
8156
8278
8267
8109
8205
8169
8234
8281
8215
8280
8241
8310
8318
8269
8348
8277
8300
8253
8390
8353
8263
8452
8342
8336
8424
8384
8458
8407
8428
8495
8427
8440
8480
8462
8539
8499
8492
8630
8587
8616
8624
8611
8597
8632
8554
8635
8597
8592
8585
8542
8651
8607
8586
8565
8560
8552
8539
8489
8517
8488
8515
8430
8444
8410
8475
8402
8401
8365
8360
8370
8303
8336
8297
8236
8249
8296
8255
8197
8262
8170
8229
8235
8163
8165
8163
8191
8123
8146
8145
8162
8203
8119
8095
8149
8026
8124
8133
8112
8107
8080
8113
8043
8171
8067
8100
8149
8082
8154
8173
8143
8130
8114
8147
8114
8223
8131
8146
8112
8255
8154
8124
8141
8141
8117
8104
8239
8074
8067
8072
8198
8196
8185
8068
8127
8130
8094
8202
8049
8190
8129
8180
8140
8150
8125
8105
8061
8169
8121
8174
8244
8184
8153
8129
8179
8197
8190
8167
8102
8199
8128
8138
8192
8120
8161
8151
8169
8201
8197
8244
8165
8166
8137
8118
8139
8177
8206
8207
8180
8160
8140
8191
8150
8146
8193
8209
8157
8116
8136
8141
8150
8233
8162
8157
8126
8135
8239
8226
8257
8195
8289
8203
8222
8252
8289
8308
8284
8238
8326
8289
8272
8340
8386
8338
8405
8300
8438
8411
8342
8358
8404
8361
8404
8329
8349
8373
8322
8344
8261
8287
8217
8284
8225
8170
8131
8234
8217
8106
8131
8173
8137
8092
8224
8135
8003
8121
8073
8096
8121
8135
8176
8075
8099
8084
8144
8146
8146
8145
8057
8072
8096
8044
8163
8101
8049
8029
8101
8061
8083
8074
8097
8089
8170
8082
8032
8047
8064
8048
7858
7966
7897
7989
8151
8202
8448
8674
9013
9261
9650
9853
10092
10318
10455
10551
10517
10344
10261
9873
9514
9022
8652
8296
8094
7884
7783
7844
7870
7932
8006
7961
8025
8010
8043
8091
8112
8196
8160
8114
8120
8059
7998
8125
8037
8116
8044
8059
8069
8102
8042
8086
8143
8150
8134
8122
8079
8084
8109
8101
8141
8094
8110
8176
8145
8211
8209
8110
8188
8144
8228
8166
8251
8211
8192
8127
8181
8173
8157
8153
8287
8234
8219
8192
8210
8192
8273
8247
8254
8256
8262
8290
8337
8294
8207
8294
8287
8323
8320
8325
8309
8420
8368
8368
8412
8383
8451
8374
8449
8501
8500
8496
8470
8588
8502
8526
8469
8563
8587
8556
8636
8637
8539
8680
8594
8688
8625
8658
8641
8662
8633
8658
8582
8651
8752
8666
8647
8610
8689
8618
8605
8685
8538
8570
