7812
7783
7813
7722
7775
7772
7762
7880
7858
7883
7810
7803
7866
7866
7876
7799
7878
7819
7857
7891
7896
7969
7877
7872
7951
7870
7883
7974
7960
8025
7986
8041
7935
7964
8043
8026
8012
7968
8012
7986
8047
7929
8008
7979
8002
7992
7949
7923
7927
7814
7834
7783
7830
7767
7819
7749
7820
7771
7793
7736
7769
7725
7700
7776
7767
7811
7717
7693
7715
7689
7744
7781
7715
7724
7691
7782
7738
7696
7762
7775
7699
7749
7725
7652
7701
7736
7643
7824
7708
7730
7794
7735
7707
7699
7686
7612
7534
7549
7528
7566
7796
7860
8171
8323
8616
8862
9209
9533
9780
9860
10110
10160
10142
10054
9859
9568
9173
8667
8206
7914
7614
7524
7509
7513
7522
7611
7688
7552
7698
7722
7617
7713
7669
7737
7719
7746
7683
7715
7739
7758
7713
7773
7664
7746
7813
7712
7724
7745
7723
7722
7803
7782
7654
7775
7738
7768
7704
7757
7745
7715
7759
7844
7770
7791
7779
7792
7772
7735
7806
7810
7823
7783
7840
7831
7826
7849
7839
7763
7840
7933
7858
7874
7825
7829
7852
7828
7869
7889
7977
7951
7896
7991
7953
7933
7965
7877
7986
7951
8016
8088
8041
7910
8039
8144
8035
8018
8028
8081
8064
8115
8125
8146
8195
8255
8149
8147
8267
8257
8186
8204
8137
8198
8195
8294
8268
8167
8229
8238
8252
8208
8270
8235
8204
8220
8241
8189
8216
8237
8254
8201
8195
8139
8168
8108
8180
8058
8080
8065
8064
8020
8022
7999
8050
7969
7937
7906
7986
7934
7885
7944
7898
7790
7849
7822
7847
7923
7792
7764
7860
7764
7796
7827
7749
7842
7809
7793
7777
7740
7719
7820
7747
7815
7828
7757
7790
7819
7777
7735
7775
7704
7771
7806
7710
7775
7761
7829
7741
7780
7782
7787
7774
7833
7821
7729
7818
7760
7844
7855
7873
7780
7738
7784
7811
7735
7803
7758
7786
7820
7873
7784
7754
7816
7729
7789
7777
7886
7830
7818
7748
7824
7748
7765
7833
7818
7785
7805
7788
7814
7805
7801
7833
7884
7762
7753
7804
7847
7820
7822
7819
7851
7852
7792
7791
7826
7814
7709
7853
7807
7870
7786
7769
7744
7853
7804
7723
7741
7821
7766
7850
7750
7758
7908
7713
7833
7860
7857
7802
7948
7790
7917
7820
7874
7795
7845
7951
7895
7872
7811
7962
7887
7982
7958
7953
8019
8040
7964
7922
8004
7995
8046
8067
8093
8050
8046
8006
7968
7935
7991
7985
7940
7932
7921
7838
7794
7872
7897
7810
7723
7801
7779
7745
7829
7812
7752
7785
7712
7720
7756
7768
7739
7756
7696
7824
7766
7755
7786
7718
7648
7727
7718
7802
7696
7721
7735
7706
7788
7773
7790
7786
7745
7745
7734
7731
7726
7684
7706
7710
7720
7592
7499
7536
7533
7590
7803
7970
8057
8278
8649
8988
9260
9563
9711
9899
10148
10200
10199
10049
9846
9477
9201
8636
8195
7999
7654
7565
7465
7465
7481
7644
7562
7590
7600
7776
7626
7689
7725
7713
7721
7739
7704
7692
7765
7814
7739
7737
7757
7732
7769
7771
7782
7808
7811
7805
7725
7727
7722
7806
7761
7745
7731
7787
7740
7807
7790
7765
7794
7818
7784
7788
7799
7788
7751
7859
7903
7806
7881
7771
7813
7782
7876
7815
7827
7828
7781
7817
7846
7911
7869
7896
7831
7902
7913
7886
7940
7918
7918
7914
8003
7947
8009
7982
7994
8048
7959
8003
8032
8031
8109
8137
8045
8092
8128
8107
8234
8113
8107
8139
8221
8215
8278
8233
8274
8252
8283
8176
8234
8265
8264
8230
8203
8310
8249
8295
8198
8214
8271
8250
8216
8306
8232
8306
8182
8180
8200
8142
8116
8142
8174
8127
8128
8036
8019
7948
8062
8016
7980
7939
7998
7981
7930
7905
7833
7966
7907
7847
7907
7806
7870
7847
7874
7833
7801
7852
7811
7870
7924
7838
7819
7791
7747
7794
7826
7829
7788
7753
7808
7774
7898
7751
7728
7693
7850
7753
7796
7795
7826
7840
7829
7819
7864
7844
7811
7896
7768
7860
7758
7883
7835
7800
7842
7837
7752
7842
7799
7841
7758
7809
7730
7845
7791
7765
7810
7804
7855
7824
7800
7829
7871
7922
7765
7830
7849
7780
7820
7790
7842
7879
7878
7825
7854
7828
7837
7834
7881
7781
7847
7855
7848
7810
7800
7837
7817
7826
7867
7804
7841
7819
7815
7834
7834
7811
7841
7848
7819
7897
7808
7721
7840
7879
7811
7806
7841
7748
7919
7855
7845
7860
7859
7812
7909
7857
7926
7917
7860
7961
7888
7878
7899
7903
7926
7947
7904
7976
7970
7974
8045
7997
8011
8029
8048
8038
8097
8072
8021
8105
8126
8062
7995
7959
7997
8091
7930
8003
7908
7976
7981
7969
7888
7810
7836
7855
7764
7823
7836
7851
7736
7833
7833
7804
7794
7705
7807
7763
7803
7783
7758
7781
7721
7807
7791
7776
7821
7833
7783
7719
7766
7735
7771
7785
7814
7721
7788
7742
7785
7757
7746
7809
7806
7743
7669
7773
7661
7586
7535
7561
7697
7774
7990
8192
8315
8577
9022
9364
9584
9760
9975
10177
10284
10188
10134
9902
9570
9205
8753
8256
7949
7672
7574
7415
7512
7555
7554
7656
7602
7698
7757
7745
7781
7757
7745
7750
7756
7746
7839
7803
7753
7752
7772
7808
7782
7807
7774
7807
7756
7785
7827
7868
7796
7803
7858
7817
7817
7746
7789
7867
7824
7901
7861
7909
8015
7808
7856
7889
7792
7932
7811
7847
7860
7898
7823
7855
7872
7912
7862
7940
7874
7925
7889
7854
7996
7892
7864
7917
7833
7957
7935
8043
7946
7959
7954
8032
7998
8017
8031
8013
8078
8084
8140
8120
8060
8161
8087
8104
8195
8104
8291
8238
8266
8239
8294
8280
8343
8301
8304
8261
8297
8344
8330
8332
8376
8343
8353
8427
8329
8325
8269
8402
8392
8341
8322
8333
8312
8255
8281
8244
8291
8312
8249
8266
8173
8186
8183
8155
8094
8130
8115
8197
8095
7970
8075
8027
8112
7958
7967
8042
7901
7936
7884
7933
7998
7933
7975
7904
7839
7867
7927
7887
7948
7866
7863
7892
7858
7850
7832
7828
7893
7834
7858
7919
7884
7868
7905
7823
7877
7901
7844
7841
7859
7872
7900
7909
7839
7911
7881
7889
7928
7854
7830
7865
7884
7932
7886
7883
7858
7842
7954
7909
7874
7846
7880
7909
7880
7852
7830
7897
7874
7848
7801
7901
7969
7846
7920
7961
7893
7867
7882
7851
7884
7895
7889
7810
7865
7946
7849
7909
7918
7866
7892
7974
7942
7919
7928
7933
7887
7857
7884
7885
7833
7869
7913
7907
7879
7800
7912
7966
7855
7858
7911
7806
7932
7979
7821
7849
7884
7811
7886
7909
7935
7942
7932
7974
7919
7962
7994
7999
7922
7917
7921
8067
7997
8014
8033
8009
7938
8021
8045
8035
8094
8115
8135
8120
8155
8137
8176
8055
8157
8108
8123
8146
8170
8110
8117
8066
8020
8095
8020
8040
8005
7978
7931
7915
7914
7981
7949
7781
7882
7852
7837
7874
7870
7898
7880
7890
7858
7885
7826
7871
7901
7865
7898
7829
7869
7792
7838
7811
7766
7854
7846
7809
7871
7945
7820
7825
7840
7875
7816
7807
7746
7832
7867
7797
7751
7724
7803
7751
7634
7657
7642
7735
7871
8012
8225
8459
8810
9069
9423
9693
9899
10073
10297
10322
10286
10181
9980
9735
9220
8851
8295
8024
7750
7639
7614
7612
7709
7713
7725
7715
7797
7780
7839
7861
7793
7826
7908
7825
7817
7873
7908
7906
7872
7873
7897
7882
7835
7821
7899
7925
7946
7907
7864
7945
7894
7821
7920
7946
7857
7882
7932
7929
7901
7945
7912
7993
7969
7920
7856
7916
7831
7916
7938
7959
7937
8005
8058
7977
7957
7961
7906
8011
8010
7938
7975
8105
8006
8010
7935
8037
8040
8048
8078
8022
8095
8078
8091
8097
8135
8070
8152
8223
8146
8204
8167
8183
8226
8205
8188
8193
8252
8263
8336
8373
8298
8401
8293
8314
8414
8392
8391
8380
8357
8429
8366
8438
8454
8325
8336
8378
8395
8441
8368
8465
8443
8431
8449
8390
8445
8375
8359
8338
8364
8382
8346
8270
8245
8219
8205
8213
8196
8227
8153
8095
8188
8117
8066
8085
8119
8076
8108
8012
8025
8021
8081
7991
8052
7943
7978
7970
7908
7916
7908
7917
7964
7960
7964
7917
7960
7910
7929
7921
7974
7916
7909
7965
7959
7973
7918
7960
7942
7984
8054
7938
7992
7989
7956
7972
7981
7951
7910
7908
7909
7972
7972
8021
7955
8023
7935
7874
7928
7944
7886
7951
7995
7956
7968
7996
7990
7992
7957
7891
7929
7976
8050
8032
7926
7988
8023
7926
7999
7961
7950
7927
7954
7969
7924
7995
7931
7926
7984
7910
7984
8023
7956
7911
8023
8008
7991
7983
7970
7967
8010
8004
8041
7974
8023
7979
8004
7991
7961
7981
7927
7986
7990
7988
8044
7958
7940
8030
8020
7954
8030
7997
7915
8040
8079
8026
8103
8027
8030
8013
8065
8141
8020
8091
8019
8082
8056
8100
8071
8136
8190
8141
8143
8190
8104
8160
8216
8170
8183
8249
8193
8219
8177
8222
8201
8198
8192
8155
8145
8138
8126
