8030
8022
8019
7989
7957
7999
8026
7943
8004
7919
7924
7980
7989
7991
7990
7925
8010
8001
7997
7991
7898
7999
7986
7945
7987
7996
8046
7983
7951
7952
7961
7928
7968
7921
8021
7986
7921
7984
8010
7961
8065
8059
8006
7996
8028
8036
8004
8008
8049
7899
7999
7950
8015
7936
7939
7930
7995
7988
8007
8019
7904
7988
8065
8017
8011
8056
7960
7988
7991
7969
7948
7917
7940
7952
7981
7972
8056
7953
7970
7864
8016
7982
7972
7936
7902
8012
8070
8020
8092
8081
7995
8087
8081
8064
8123
8134
8063
8141
8049
8084
8064
8057
8105
8152
8169
8135
8077
8189
8188
8222
8144
8159
8205
8240
8178
8111
8166
8159
8209
8171
8067
8093
8138
8026
7985
8057
7987
7933
7930
7929
7937
7908
7965
7950
7898
7827
7848
7961
7859
7991
7957
7906
7915
7890
7890
7907
7885
7933
7845
7822
7903
7862
7900
7851
7866
7928
7808
7857
7877
7868
7900
7833
7868
7882
7871
7936
7910
7949
7959
7823
7720
7680
7693
7691
7681
7934
8010
8230
8426
8809
9075
9507
9651
9844
10064
10241
10381
10320
10226
9955
9713
9305
8850
8407
8053
7772
7608
7696
7588
7651
7653
7759
7758
7782
7777
7822
7871
7843
7910
7897
7848
7895
7906
7791
7858
7897
7977
7883
7865
7819
7865
7900
7904
7888
7933
7988
7985
7817
8005
7885
7874
7887
7901
7890
7927
7904
7962
7871
7913
7954
7913
7874
7970
7933
7911
7875
7936
7945
7937
7954
7967
7909
7901
8023
8034
7983
8025
7949
8001
7975
8031
7974
7966
7984
8021
8034
8065
8093
8083
8099
8092
8106
8124
8079
8142
8110
8124
8175
8154
8168
8244
8231
8146
8154
8283
8218
8302
8297
8322
8306
8355
8325
8327
8399
8354
8297
8408
8305
8373
8282
8310
8337
8415
8406
8321
8462
8315
8358
8423
8449
8355
8276
8370
8330
8320
8344
8281
8314
8260
8275
8247
8260
8209
8154
8098
8142
8094
8153
8082
8069
8089
8018
8110
7931
7940
7887
7949
7982
7955
7975
7959
7936
7974
7892
7969
7916
7947
7891
7905
7891
7876
7898
7878
7983
7864
7907
7877
7877
7937
7848
7983
7876
7856
7897
7913
7858
7901
7922
7966
7921
7968
7910
7922
7867
7858
7880
7925
7905
7928
7860
7969
7846
7890
7908
7859
7932
7897
7923
7851
7878
7892
7920
7847
7913
7898
7915
7965
7929
7950
7913
7883
7875
7942
7934
7879
7906
7897
7922
7867
7921
7870
7892
7916
7833
7854
7960
7840
7867
7920
7917
7917
7914
7900
7985
7787
7892
7851
7886
7955
7904
7879
7867
7801
7837
7956
7864
7817
7914
7818
7910
7870
7832
7885
7921
7936
7942
7892
7863
7917
7912
7918
7922
7988
7903
7971
7924
8009
7998
8008
7991
7944
7874
8006
7909
8006
8023
8061
8110
8080
8018
8116
8189
8126
8137
8136
8118
8133
8117
8085
8058
8070
7966
7967
8014
8035
7986
8023
7944
7941
7864
7877
7880
7918
7857
7865
7856
7813
7841
7836
7823
7827
7881
7861
7826
7825
7839
7747
7789
7866
7760
7800
7808
7830
7821
7873
7798
7834
7772
7869
7819
7757
7799
7784
7802
7784
7731
7805
7817
7750
7842
7803
7801
7786
7716
7591
7556
7623
7670
7796
7924
8204
8380
8677
9004
9311
9587
9797
10046
10234
10261
10178
10126
9908
9563
9181
8737
8236
8034
7697
7594
7511
7566
7578
7607
7605
7605
7688
7708
7685
7759
7774
7815
7808
7806
7753
7827
7837
7782
7747
7819
7780
7750
7775
7853
7787
7817
7738
7793
7788
7718
7844
7791
7741
7800
7842
7799
7845
7847
7863
7746
7891
7863
7794
7861
7811
7855
7878
7862
7924
7817
7877
7867
7875
7921
7889
7857
7895
7887
7877
7945
7875
7947
7933
7945
7959
7867
7878
8007
7935
7942
7964
7937
7949
8039
7938
7980
8011
8119
8061
8125
8065
8153
8163
8131
8044
8143
8138
8189
8242
8167
8264
8220
8243
8297
8209
8210
8306
8267
8361
8275
8332
8307
8304
8269
8308
8349
8279
8339
8353
8359
8278
8377
8352
8337
8264
8324
8265
8246
8248
8193
8205
8215
8191
8118
7995
8137
8038
8050
8071
7996
8072
7957
8032
7921
8023
7924
8022
7909
7884
7880
7922
7919
7873
7853
7868
7865
7819
7738
7818
7849
7879
7835
7878
7777
7776
7774
7877
7842
7804
7889
7829
7826
7820
7800
7786
7778
7756
7830
7848
7842
7807
7863
7830
7835
7812
7853
7703
7848
7831
7849
7922
7833
7823
7822
7816
7765
7762
7824
7843
7781
7865
7831
7841
7844
7871
7840
7831
7839
7806
7869
7815
7872
7744
7842
7826
7880
7778
7800
7818
7817
7852
7890
7830
7906
7801
7888
7852
7749
7815
7847
7849
7844
7824
7881
7851
7835
7821
7875
7798
7909
7880
7849
7807
7825
7886
7788
7805
7860
7822
7871
7785
7855
7818
7770
7763
7817
7798
7864
7788
7868
7767
7794
7801
7891
7854
7937
7808
7932
7856
7853
7907
7960
7927
7898
7984
7903
7888
7892
7900
8019
8085
7929
8005
8032
8019
8014
8063
8046
8084
8036
8029
8086
8048
7963
8038
8014
8010
8006
7887
7986
7864
7848
7868
7796
7767
7784
7803
7830
7764
7783
7780
7778
7717
7678
7791
7791
7792
7675
7782
7716
7760
7734
7679
7811
7767
7694
7672
7759
7747
7727
7794
7787
7729
7745
7742
7771
7727
7742
7761
7710
7765
7720
7750
7744
7709
7676
7639
7543
7521
7498
7583
7759
7932
8070
8325
8616
9009
9320
9533
9731
9971
10141
10236
10157
10078
9844
9529
9165
8636
8191
7912
7695
7584
7484
7487
7530
7562
7580
7609
7655
7704
7706
7713
7759
7807
7762
7732
7739
7601
7703
7751
7775
7753
7772
7812
7807
7759
7755
7761
7783
7810
7763
7740
7727
7773
7713
7738
7743
7747
7753
7797
7796
7803
7881
7795
7846
7777
7765
7767
7789
7767
7794
7753
7847
7813
7847
7796
7861
7850
7781
7857
7816
7824
7888
7900
7844
7903
7870
7873
7956
7930
7934
7933
7892
7904
8000
7893
7893
7867
8004
7971
8001
7996
8035
8062
8058
8072
8097
8097
8147
8118
8092
8127
8173
8219
8223
8170
8163
8231
8156
8217
8178
8251
8209
8253
8319
8311
8202
8261
8268
8253
8285
8275
8299
8256
8271
8212
8263
8211
8243
8194
8157
8217
8123
8093
8101
8097
8039
8054
8030
8042
8063
8026
8006
7979
7978
7891
7882
7899
7837
7944
7836
7896
7820
7851
7852
7908
7848
7790
7757
7807
7781
7774
7772
7870
7721
7762
7793
7831
7782
7792
7856
7789
7768
7844
7809
7705
7713
7731
7784
7792
7816
7856
7815
7751
7762
7838
7787
7744
7842
7710
7882
7783
7774
7789
7698
7807
7900
7724
7793
7756
7796
7709
7810
7758
7769
7855
7769
7764
7777
7811
7838
7821
7788
7786
7817
7807
7782
7822
7758
7824
7854
7864
7829
7909
7830
7775
7692
7813
7870
7682
7877
7763
7792
7831
7858
7854
7757
7811
7783
7767
7787
7814
7748
7792
7783
7819
7798
7782
7733
7810
7713
7856
7822
7762
7706
7797
7754
7888
7769
7848
7762
7812
7791
7804
7845
7790
7903
7823
7781
7862
7880
7906
7840
7871
7953
7880
7805
7855
7832
7921
7895
7885
7981
7958
8081
8012
8009
8074
8060
8021
8043
8067
8076
8016
8036
8083
7950
7984
7990
7941
7861
7910
7885
7907
7775
7824
7805
7742
7769
7679
7805
7748
7752
7753
7771
7744
7725
7724
7735
7766
7726
7703
7624
7732
7701
7725
7775
7723
7721
7777
7802
7775
7740
7737
7706
7753
7717
7747
7738
7723
7667
7648
7671
7728
7774
7716
7738
7602
7575
7512
7540
7478
7553
7727
7912
8085
8285
8652
8867
9180
9481
9692
9960
10211
10191
10085
10037
9728
9498
9201
8713
8192
7853
7668
7535
7454
7528
7530
7576
7577
7660
7713
7630
7680
7712
7709
7765
7632
7705
7702
7794
7681
7772
7719
7738
7693
7730
7672
7692
7692
7778
7716
7695
7670
7755
7690
7711
7710
7695
7777
7798
7800
7751
7790
7785
7785
7700
7768
7847
7741
7798
7821
7780
7837
7824
7817
7830
7864
7895
7837
7826
7862
7871
7870
7835
7770
7848
7820
7880
7797
7926
7906
7924
7869
7897
7933
7976
7983
7908
7954
7910
7895
7979
7972
8011
8067
8087
8048
8046
8059
8058
8129
8109
8160
8124
8201
8157
8189
8221
8157
8161
8194
8231
8275
8181
8229
8330
8316
8282
8269
8185
8246
8297
8306
8236
8175
8253
8250
8245
8310
8280
8244
8110
8187
8215
8166
8184
8077
8170
8063
8061
8135
8070
7978
7953
8037
7998
7923
7946
7906
7918
7882
7866
7823
7892
7821
7920
7851
7805
7825
7797
7775
7838
7791
7756
7820
7845
7695
7788
7779
7700
7747
7774
7824
7803
7870
7797
7772
7793
7744
7743
7761
7837
7750
7735
7812
7806
7744
7831
7811
7795
7806
7764
7848
7813
7772
7809
7797
7791
7774
7817
7784
7829
7779
7793
7823
7816
7755
7803
7769
7845
7866
7796
7750
7834
7890
7812
7766
7777
7820
7814
7897
7780
7799
7775
7817
7882
7827
7829
