7888
7825
7840
7818
7826
7738
7873
7799
7839
7840
7759
7784
7821
7758
7871
7643
7764
7860
7811
7847
7875
7808
7828
7837
7861
7795
7803
7802
7854
7792
7859
7732
7757
7821
7846
7862
7843
7809
7893
7776
7933
7891
7894
7864
7823
7875
7909
7843
7814
7896
7926
7953
7870
7884
7912
7967
7972
7940
7988
8042
8025
8071
8053
8077
8087
8046
8117
7951
8020
7978
8032
8017
7988
7979
7962
7923
7919
7937
7836
7806
7891
7816
7777
7801
7758
7749
7823
7856
7691
7733
7769
7890
7770
7825
7804
7755
7665
7738
7717
7790
7813
7723
7715
7768
7671
7803
7761
7749
7649
7764
7763
7670
7723
7761
7714
7695
7725
7687
7787
7779
7689
7710
7642
7557
7532
7549
7565
7835
7946
8121
8359
8641
8924
9243
9510
9769
9971
10183
10336
10128
10071
9822
9572
9112
8710
8300
7913
7687
7493
7485
7588
7484
7591
7637
7684
7629
7765
7723
7666
7670
7654
7751
7771
7739
7795
7836
7702
7761
7771
7779
7786
7824
7726
7819
7746
7705
7766
7762
7786
7755
7707
7786
7744
7795
7755
7814
7729
7789
7759
7837
7750
7840
7843
7784
7876
7824
7832
7846
7932
7787
7861
7855
7876
7845
7865
7934
7843
7869
7898
7862
7838
7836
7876
7860
7895
7935
7837
7808
7917
7985
7951
7891
8017
7997
7972
8100
7998
8011
8058
8108
8084
8011
8116
8170
8108
8101
8206
8076
8261
8227
8187
8256
8185
8241
8291
8272
8201
8292
8328
8257
8259
8262
8255
8252
8295
8296
8333
8262
8363
8298
8292
8300
8279
8321
8258
8198
8242
8219
8253
8162
8208
8186
8133
8120
8143
8052
8066
8030
8019
7995
8019
8030
7915
7925
7900
7907
7975
7874
7859
7902
7883
7858
7820
7833
7909
7812
7877
7803
7855
7864
7885
7878
7776
7856
7786
7742
7859
7899
7811
7852
7819
7817
7753
7768
7827
7783
7821
7785
7858
7793
7887
7845
7836
7867
7786
7884
7813
7837
7849
7840
7868
7858
7862
7851
7885
7796
7855
7821
7840
7872
7881
7860
7873
7863
7846
7879
7813
7802
7824
7863
7887
7841
7956
7898
7932
7848
7825
7893
7807
7869
7854
7880
7912
7872
7906
7852
7827
7855
7913
7815
7833
7826
7867
7910
7833
7941
7874
7821
7837
7843
7904
7852
7780
7889
7880
7861
7855
7927
7787
7850
7844
7868
7909
7898
7839
7879
7822
7852
7898
7910
7927
7863
7982
7982
7923
7963
7917
7906
7947
7956
7911
7906
7934
7904
7890
7955
7998
8054
8000
8022
8048
8071
8088
8051
8012
8121
8069
8104
8139
8024
8047
8071
8013
8005
8118
8041
8041
7961
7970
7972
7966
7916
7930
7875
7830
7800
7787
7798
7775
7895
7707
7791
7726
7789
7888
7839
7831
7799
7843
7785
7829
7864
7792
7902
7757
7806
7746
7809
7802
7817
7777
7804
7760
7768
7700
7788
7805
7790
7707
7773
7820
7808
7774
7745
7735
7697
7653
7629
7586
7692
7860
7975
8093
8406
8679
9032
9387
9525
9772
10044
10190
10316
10223
10144
9895
9556
9308
8796
8364
8082
7686
7651
7512
7589
7554
7711
7609
7681
7781
7748
7831
7774
7845
7835
7789
7773
7823
7812
7688
7828
7822
7795
7938
7779
7869
7775
7822
7863
7819
7765
7811
7871
7968
7905
7914
7848
7810
7846
7883
7860
7888
7840
7909
7923
7773
7938
7875
7950
7873
7862
7874
7851
7912
7922
7849
7922
7992
7978
7972
7890
7932
7923
7960
7853
7984
7971
7988
7934
8027
7970
8006
8033
7986
8036
8063
7981
8075
7990
8043
8121
8165
8164
8096
8148
8151
8174
8177
8159
8214
8231
8268
8251
8339
8429
8287
8279
8301
8372
8300
8367
8354
8296
8296
8370
8406
8332
8373
8437
8299
8339
8384
8331
8348
8429
8417
8314
8346
8353
8357
8265
8361
8246
8308
8269
8182
8202
8174
8223
8129
8152
8080
8071
8084
8021
8004
8043
8051
7985
7990
7979
8005
7864
7970
7998
7918
7866
7947
8005
7885
7852
7887
7917
7833
7894
7882
7856
7804
7821
7894
7876
7857
7924
7871
7992
8009
7948
7821
7903
7946
7854
7996
7919
7956
7905
7852
7920
7880
7866
7906
7801
7886
7862
7840
7953
7900
7927
7925
7870
7884
7969
7919
7895
7906
7888
7910
7927
7911
7981
7969
7942
7970
7904
7896
8014
7887
7920
8009
7902
7904
7945
7949
7947
7965
7967
7959
7953
7961
7902
7899
7962
7993
7964
7937
7921
8023
7938
7954
7979
7867
8001
7911
7976
7908
7927
7965
7922
7924
7968
7877
7938
7897
7941
7961
7970
7959
7886
7975
7905
7864
7965
7904
7970
7937
7923
7958
7907
7986
7985
7961
7968
8008
8016
8055
8012
8106
8020
7952
7975
7954
8038
8081
8185
8150
8078
8070
8120
8129
8185
8119
8166
8122
8237
8193
8154
8236
8148
8173
8086
8160
8112
8078
8025
8004
7954
7961
7949
7960
7900
7913
7902
7861
7892
7882
7922
7871
7904
7949
7858
7844
7862
7869
7868
7962
7915
7884
7898
7881
7856
7850
7844
7863
7838
7904
7856
7824
7910
7874
7900
7909
7917
7821
7913
7917
7883
7840
7846
7867
7810
7776
7637
7729
7662
7723
7900
8085
8216
8503
8739
9084
9486
9683
9909
10082
10322
10406
10295
10205
10041
9633
9287
8769
8367
8100
7857
7670
7576
7653
7765
7810
7758
7771
7839
7944
7891
7861
7929
7827
7832
7929
7879
7871
7897
7928
7917
7899
7963
7861
7791
7940
7898
7927
7863
7947
7947
7935
7898
8025
7846
7894
8027
7931
7898
7946
7947
7983
7986
7932
7988
7892
7982
7920
7963
7960
7990
7937
7996
8024
7954
7996
8077
7994
8019
8031
8034
7996
8040
8009
8069
8103
7986
8095
8070
8038
8130
8046
8061
8079
8054
8104
8167
8190
8188
8159
8276
8173
8205
8181
8225
8229
8254
8327
8337
8287
8297
8354
8309
8411
8385
8379
8391
8443
8419
8352
8438
8425
8466
8390
8364
8411
8507
8417
8472
8427
8515
8472
8487
8458
8503
8435
8437
8450
8449
8435
8372
8354
8377
8339
8297
8314
8246
8309
8196
8220
8207
8224
8220
8153
8129
8186
8103
8079
8080
8124
8068
8093
8026
8083
8034
8002
7973
7882
8000
8022
7935
7986
8045
7929
7972
8035
7965
8035
7916
8076
8065
7969
7962
8004
7957
8053
8004
7957
8059
7954
8018
7982
8037
7982
8041
7981
8004
8012
8052
7999
7954
8065
8030
8035
8010
7993
8089
8014
8038
8003
8038
8025
8057
7999
7970
8047
7992
7995
7983
8003
8036
7968
7981
8053
7992
8010
8024
8037
8031
7979
7984
8012
8020
8047
7990
8046
7974
8042
7938
7965
8024
8018
8074
8060
8068
8040
8034
7980
8055
8133
8031
8074
7996
7973
8095
8032
8074
8026
8095
8005
7928
8031
8016
8052
8054
8030
8052
8036
7996
8097
8038
8082
8011
8081
8117
8114
8099
8006
8104
8106
8012
8116
8119
8058
8069
8069
8156
8124
8045
8072
8198
8234
8185
8222
8216
8234
8233
8219
8248
8256
8243
8245
8245
8251
8256
8255
8268
8167
8250
8193
8241
8077
8078
8077
8107
8103
8015
8019
8074
8022
8079
7939
8057
8028
8067
8055
8052
7991
8005
7946
7933
7977
7934
8003
7888
7976
7927
8038
8009
8021
7976
7920
7930
7969
7915
7973
7967
7927
7998
7967
7945
7983
7968
7974
7964
8011
7944
7865
7876
7745
7698
7770
7897
7966
8202
8348
8556
8887
9194
9486
9735
9983
10259
10395
10476
10409
10373
10099
9784
9416
8938
8432
8196
7888
7812
7726
7749
7781
7810
7787
7888
7962
7872
7968
7919
8005
8042
7976
7952
8024
7985
7964
7951
7994
7932
7994
8032
7985
8021
8008
8041
7960
7997
7989
8033
7946
8043
7982
8036
8025
7982
8032
8019
8013
8024
8006
8025
8028
8039
8024
8064
8060
8100
8058
8113
8019
8118
8049
8073
8076
8075
8095
8119
8087
8111
8109
8158
8178
8103
8149
8220
8149
8231
8134
8151
8192
8208
8217
8240
8154
8253
8281
8205
8342
8280
8319
8358
8379
8360
8365
8410
8358
8411
8357
8384
8362
8439
8443
8464
8451
8501
8503
8487
8565
8514
8468
8518
8610
8505
8561
8454
8484
8575
8497
8542
8557
8571
8564
8487
8531
8569
8429
8466
8515
8470
8431
8399
8380
8345
8364
8330
8338
8213
8312
8311
8202
8181
8129
8216
8203
8194
8136
8177
8226
8084
8133
8140
8198
8182
8138
8089
8152
8064
8057
8070
8052
8029
8014
8042
8118
8087
8101
8092
8042
8026
8100
8103
8080
8054
8132
8081
8058
8107
8085
8011
8043
8108
8029
8078
8092
8156
8133
8078
8092
8117
8077
8159
8110
8060
8138
8181
8048
8103
8110
8092
8142
8045
8048
8117
8064
8111
8092
8049
8058
8055
8152
8046
8058
8124
8123
8139
8114
8084
8110
8157
8134
8151
8149
8150
8048
8092
8138
8102
8090
8127
8096
8125
8197
8125
8112
8028
8102
8122
8124
8006
8077
8165
8144
8070
8097
8124
8124
8105
8069
8110
8054
8070
8162
8126
8100
8109
8136
8035
8133
8151
8136
8211
8135
8151
8133
8163
8196
8248
8119
8218
8168
8242
