7964
8049
7969
8087
8049
8038
8084
8091
8182
8035
8135
8074
8095
8085
8110
8081
8102
8075
8080
8012
7977
7977
7977
7908
7906
7943
7894
7824
7840
7866
7775
7830
7867
7764
7769
7849
7823
7694
7778
7781
7768
7900
7801
7794
7839
7805
7743
7804
7800
7880
7776
7822
7817
7794
7824
7828
7786
7798
7773
7827
7773
7800
7757
7750
7741
7759
7816
7657
7605
7679
7618
7589
7603
7872
7913
8031
8311
8693
8991
9336
9599
9865
9917
10200
10257
10192
10146
9930
9589
9233
8763
8223
8007
7765
7558
7485
7510
7583
7642
7626
7624
7739
7690
7753
7752
7745
7761
7742
7755
7737
7767
7843
7812
7757
7738
7783
7824
7752
7709
7784
7733
7820
7756
7846
7879
7734
7841
7731
7806
7877
7869
7789
7862
7780
7742
7884
7853
7889
7830
7863
7800
7837
7860
7966
7828
7905
7826
7843
7775
7907
7800
7867
7882
7949
7925
7945
7887
7894
7953
7916
7933
7893
7934
7937
8005
8050
8024
7974
8029
7929
7986
8022
8067
8041
8139
8100
8117
8141
8088
8067
8090
8157
8129
8170
8108
8174
8244
8273
8239
8240
8246
8314
8280
8320
8295
8280
8273
8304
8255
8319
8308
8352
8224
8373
8348
8291
8316
8299
8326
8322
8298
8316
8262
8190
8235
8134
8178
8169
8157
8120
8134
8096
8054
8041
8070
7995
8073
7918
7912
7968
7907
7926
7954
7892
7917
7876
7908
7804
7857
7825
7787
7743
7815
7853
7839
7878
7819
7873
7827
7761
7755
7850
7833
7839
7756
7810
7854
7793
7819
7826
7817
7805
7823
7806
7801
7744
7807
7838
7838
7855
7773
7844
7827
7869
7875
7794
7891
7786
7875
7780
7748
7802
7836
7820
7798
7877
7821
7760
7821
7882
7833
7815
7783
7790
7836
7903
7761
7761
7820
7752
7804
7852
7912
7762
7802
7803
7855
7896
7852
7830
7873
7866
7813
7878
7845
7850
7784
7835
7837
7820
7799
7858
7893
7866
7806
7870
7792
7855
7803
7824
7756
7817
7841
7763
7835
7817
7779
7849
7789
7791
7784
7855
7862
7892
7823
7842
7889
7839
7825
7896
7903
7965
7862
7909
7920
7967
7920
7908
7971
7922
7884
7948
7854
7929
7928
7982
8017
7975
7990
8105
8049
8012
8013
8030
8085
8037
8018
7998
8014
7940
8031
7981
7955
7900
7938
7927
7830
7857
7813
7773
7813
7813
7791
7662
7780
7755
7820
7779
7760
7757
7692
7738
7717
7788
7783
7711
7720
7751
7802
7696
7821
7710
7720
7763
7673
7667
7778
7785
7787
7627
7751
7682
7731
7659
7687
7786
7722
7785
7704
7634
7592
7667
7590
7519
7560
7572
7710
7952
8017
8290
8609
8941
9198
9617
9728
9924
10061
10151
10169
10074
9883
9500
9111
8629
8233
7884
7628
7491
7507
7472
7514
7583
7740
7603
7700
7752
7659
7720
7742
7775
7717
7796
7682
7731
7701
7763
7779
7714
7751
7737
7714
7774
7732
7835
7804
7713
7783
7714
7806
7709
7745
7801
7742
7760
7767
7847
7776
7789
7745
7819
7830
7834
7852
7797
7782
7824
7930
7811
7839
7823
7864
7865
7813
7864
7840
7865
7857
7799
7920
7856
7816
7744
7845
7816
7915
7916
7920
7873
7940
7994
7914
7983
7914
7971
7995
7928
8101
8058
8025
8132
8092
8078
8080
8110
8032
8096
8183
8107
8144
8207
8150
8198
8237
8300
8204
8310
8261
8254
8197
8232
8259
8251
8200
8247
8295
8237
8249
8284
8322
8241
8202
8176
8224
8208
8304
8101
8221
8174
8220
8184
8108
8207
8124
8093
8037
7953
7992
7907
8021
7940
7896
7904
7854
7813
7808
7839
7829
7865
7846
7907
7822
7738
7773
7787
7826
7737
7772
7757
7831
7838
7840
7801
7784
7764
7787
7745
7782
7755
7858
7877
7768
7765
7773
7806
7815
7747
7757
7729
7790
7747
7782
7785
7878
7836
7755
7803
7824
7771
7781
7779
7835
7815
7822
7840
7767
7794
7689
7843
7825
7837
7785
7839
7753
7763
7767
7740
7781
7828
7794
7861
7828
7817
7809
7770
7879
7776
7777
7807
7838
7798
7752
7841
7849
7812
7786
7801
7780
7831
7793
7803
7825
7791
7764
7843
7779
7907
7785
7845
7799
7852
7816
7761
7762
7767
7852
7826
7796
7779
7714
7851
7754
7785
7810
7755
7759
7774
7784
7815
7851
7780
7771
7859
7828
7896
7882
7803
7908
7860
7819
7885
7909
7935
7914
7868
7871
7808
7915
7932
8009
7946
7947
7975
7968
7980
8015
8032
8067
7994
8030
7901
7938
7979
8017
8020
7985
7905
7957
7826
7899
7842
7777
7856
7796
7867
7708
7785
7768
7785
7740
7767
7693
7749
7687
7713
7714
7696
7692
7762
7720
7741
7767
7739
7729
7739
7734
7660
7771
7733
7793
7750
7655
7757
7734
7732
7659
7673
7759
7713
7701
7700
7649
7773
7741
7646
7705
7514
7447
7450
7518
7671
7876
8076
8349
8612
8916
9260
9563
9699
9981
10147
10147
10176
10042
9846
9483
9172
8757
8267
7925
7703
7537
7498
7461
7505
7570
7622
7627
7627
7722
7747
7750
7750
7758
7731
7679
7738
7683
7773
7798
7663
7737
7686
7775
7719
7650
7699
7763
7735
7771
7776
7743
7833
7735
7729
7707
7773
7748
7780
7677
7784
7817
7777
7831
7757
7687
7767
7774
7767
7870
7800
7718
7819
7810
7888
7796
7878
7833
7839
7894
7856
7867
7857
7864
7905
7819
7831
7847
8006
7899
7909
7854
7963
7919
7929
7944
7959
7963
7999
7951
8010
8012
8111
8064
8040
8078
8048
8125
8144
8164
8120
8148
8196
8171
8170
8133
8248
8235
8219
8284
8266
8235
8189
8297
8305
8257
8301
8266
8269
8265
8248
8269
8293
8204
8240
8303
8253
8295
8150
8152
8196
8181
8226
8203
8099
8129
8122
8099
8051
8084
7988
8024
8058
7926
7917
7941
7911
7901
7875
7895
7826
7855
7851
7799
7801
7863
7911
7800
7835
7826
7740
7821
7789
7844
7761
7850
7831
7835
7771
7835
7797
7844
7784
7847
7790
7837
7706
7756
7763
7787
7758
7768
7876
7803
7804
7762
7812
7734
7767
7767
7766
7785
7787
7786
7790
7742
7840
7817
7782
7830
7871
7743
7798
7809
7840
7787
7859
7837
7794
7769
7797
7793
7831
7789
7781
7883
7887
7890
7830
7810
7804
7761
7777
7798
7844
7800
7840
7821
7798
7848
7856
7812
7785
7819
7797
7717
7769
7718
7852
7774
7772
7717
7792
7798
7870
7796
7823
7724
7842
7770
7814
7807
7843
7802
7828
7732
7829
7776
7899
7840
7814
7794
7785
7793
7853
7868
7799
7825
7925
7965
7834
7906
7873
7870
7927
7885
7942
7847
7969
7931
7909
8008
7977
7956
7963
8073
8014
7976
8047
7952
8022
7967
7937
8039
8032
8015
7987
7962
7981
8031
7976
7903
7854
7832
7902
7803
7833
7789
7765
7744
7845
7760
7723
7717
7758
7763
7761
7751
7800
7771
7727
7782
7726
7753
7755
7758
7689
7829
7711
7812
7714
7670
7729
7705
7708
7710
7743
7704
7883
7743
7802
7700
7679
7693
7810
7806
7619
7732
7683
7587
7544
7601
7595
7778
7949
8153
8331
8701
9006
9342
9535
9701
9960
10176
10186
10177
10041
9902
9515
9099
8610
8202
7968
7682
7598
7492
7553
7522
7575
7615
7649
7717
7689
7755
7749
7833
7753
7681
7725
7686
7733
7766
7798
7676
7739
7670
7783
7735
7765
7765
7819
7766
7796
7793
7775
7831
7798
7806
7776
7848
7788
7762
7732
7824
7807
7776
7789
7832
7808
7836
7829
7737
7806
7890
7817
7837
7829
7913
7881
7879
7897
7888
7873
7869
7931
7939
7872
7928
7904
7970
7953
7891
7932
7901
8026
7940
7996
7930
7999
7921
8065
8024
8147
7943
8105
8112
8062
8091
8165
8066
8120
8174
8163
8198
8204
8184
8239
8277
8158
8164
8283
8318
8306
8263
8271
8298
8289
8331
8318
8228
8297
8329
8372
8268
8286
8323
8343
8319
8362
8201
8262
8294
8291
8172
8237
8170
8172
8137
8114
8159
8120
8145
8101
8032
8037
8026
8045
7938
7989
7894
7917
7937
7950
8002
7885
7907
7867
7880
7849
7913
7884
7847
7861
7906
7865
7815
7815
7802
7837
7777
7846
7803
7858
7914
7845
7769
7881
7865
7801
7807
7870
7770
7895
7856
7834
7863
7886
7803
7826
7779
7834
7849
7813
7888
7821
7878
7912
7784
7908
7888
7792
7821
7844
7884
7862
7866
7831
7907
7810
7926
7835
7928
7876
7833
7850
7890
7849
7781
7850
7883
7860
7873
7801
7860
7823
7839
7878
7868
7834
7899
7873
7831
7891
7792
7863
7853
7896
7963
7918
7858
7824
7830
7829
7848
7942
7915
7927
7915
7834
7896
7901
7834
7867
7853
7766
7848
7874
7872
7901
7815
7822
7800
7833
7850
7938
7857
7954
7943
7900
7868
7970
7931
7865
7931
7935
7913
7890
7929
8024
7983
7962
7991
7971
7974
8004
8026
7979
8052
8086
8149
8169
8089
8062
8074
8117
8029
8039
8081
8064
8070
8037
7981
8035
8013
7965
7983
7964
7941
7887
7863
7824
7830
7864
7782
7842
7829
7841
7860
7754
7809
7805
7814
7852
7831
7774
7813
7785
7809
7847
7828
7766
