8132
8121
8166
8049
8089
8034
8141
8057
8180
8079
8087
8121
8183
8067
8076
8111
8080
8031
8143
8076
8073
8081
8098
8069
8049
8194
8131
8119
8155
8099
8096
8104
8133
8090
8090
8141
8149
8125
8090
8119
8075
8098
8093
8210
8139
8146
8164
8108
8111
8049
8149
8166
8117
8021
8180
8221
8143
8123
8140
8104
8162
8196
8148
8131
8137
8090
8092
8114
8168
8138
8101
8114
8115
8109
8036
8145
8218
8167
8213
8201
8091
8081
8112
8133
8170
8088
8136
8124
8145
8125
8093
8125
8148
8026
8097
8112
8162
8090
8073
8172
8145
8129
8198
8112
8119
8135
8123
8197
8200
8243
8226
8138
8178
8230
8185
8185
8183
8267
8233
8207
8293
8211
8220
8285
8277
8330
8272
8296
8294
8360
8363
8337
8347
8344
8358
8352
8409
8345
8385
8228
8283
8345
8287
8212
8198
8179
8132
8158
8134
8151
8114
8100
8068
8134
8093
8139
8091
8119
8114
8064
8136
8090
8129
8156
8059
8037
8080
8075
8089
8148
8018
8124
8080
8087
8093
8137
8089
8017
8012
8025
8042
8105
8103
8100
8070
8098
8008
8075
7996
7983
8006
7948
7865
7899
7854
7906
8068
8190
8438
8709
8944
9307
9669
9792
10091
10312
10477
10579
10566
10454
10223
9828
9529
9041
8614
8227
7976
7861
7744
7888
7876
7912
7947
7986
8037
7965
8080
8041
8038
8068
8040
8017
8111
8080
7986
8099
8111
8158
7982
8102
8191
8037
8108
8130
8141
8166
8044
8092
8140
8077
8170
8124
8090
8090
8105
8108
8165
8098
8153
8188
8203
8169
8129
8144
8147
8142
8144
8181
8140
8245
8162
8166
8195
8174
8212
8171
8252
8182
8231
8224
8241
8199
8229
8254
8274
8230
8296
8228
8354
8338
8379
8307
8353
8348
8285
8417
8323
8362
8420
8443
8435
8459
8478
8339
8504
8445
8529
8503
8577
8606
8569
8605
8583
8634
8587
8632
8595
8575
8615
8660
8720
8559
8658
8647
8589
8672
8657
8608
8648
8657
8621
8653
8619
8567
8641
8576
8545
8546
8477
8539
8533
8448
8474
8460
8462
8363
8398
8392
8376
8401
8299
8329
8247
8283
8207
8279
8281
8266
8216
8194
8228
8150
8164
8162
8146
8232
8134
8109
8122
8132
8259
8148
8193
8114
8139
8146
8134
8096
8203
8173
8164
8213
8106
8115
8132
8103
8151
8162
8140
8224
8142
8189
8225
8191
8250
8178
8210
8174
8154
8199
8196
8138
8164
8310
8190
8215
8222
8195
8196
8105
8158
8202
8163
8231
8154
8169
8169
8159
8167
8227
8140
8169
8229
8170
8209
8141
8203
8207
8153
8154
8189
8209
8134
8221
8149
8148
8108
8181
8152
8168
8196
8178
8170
8186
8220
8152
8220
8226
8147
8225
8198
8128
8199
8215
8175
8185
8122
8205
8161
8220
8196
8199
8231
8114
8168
8234
8145
8232
8206
8208
8249
8230
8220
8244
8243
8196
8255
8299
8349
8237
8277
8185
8268
8388
8262
8282
8320
8324
8287
8400
8395
8370
8388
8467
8431
8426
8424
8395
8403
8377
8391
8371
8382
8302
8345
8381
8266
8237
8305
8271
8179
8201
8187
8098
8116
8129
8161
8173
8162
8147
8153
8106
8137
8087
8131
8088
8056
8175
8154
8112
8042
8156
8053
8112
8091
8058
8128
8051
8086
8075
8131
8084
8149
8118
8163
8097
8064
8124
8108
8116
8130
8183
8002
8087
8040
7877
7938
7892
8072
8179
8304
8539
8673
9038
9257
9635
9923
10157
10318
10486
10620
10553
10456
10223
9864
9456
9085
8606
8346
8068
7850
7879
7930
7907
8052
8057
8066
8038
8100
8078
8070
8099
8163
8093
8118
8052
8158
8138
8155
8122
8127
8166
8142
8184
8079
8094
8112
8175
8122
8144
8159
8091
8118
8146
8183
8098
8105
8115
8235
8154
8153
8170
8199
8198
8231
8181
8150
8224
8255
8206
8169
8220
8173
8125
8176
8263
8201
8207
8231
8230
8189
8324
8305
8244
8252
8274
8279
8309
8286
8303
8319
8339
8344
8341
8351
8319
8401
8406
8429
8396
8463
8362
8446
8448
8489
8540
8549
8497
8560
8499
8529
8584
8586
8656
8556
8589
8650
8554
8681
8670
8624
8664
8691
8668
8657
8682
8631
8665
8656
8737
8624
8718
8641
8644
8564
8631
8711
8620
8516
8621
8584
8603
8519
8584
8467
8428
8521
8409
8392
8406
8437
8319
8345
8213
8389
8302
8281
8252
8159
8316
8292
8258
8265
8143
8232
8176
8181
8167
8210
8156
8188
8199
8189
8276
8163
8116
8262
8191
8260
8199
8248
8244
8196
8172
8135
8187
8131
8136
8185
8222
8144
8116
8147
8182
8088
8151
8166
8176
8216
8275
8162
8193
8178
8226
8247
8190
8201
8205
8201
8182
8193
8177
8226
8159
8242
8179
8164
8277
8213
8204
8160
8239
8212
8238
8211
8156
8235
8247
8089
8181
8200
8170
8218
8136
8178
8220
8197
8203
8197
8242
8169
8174
8221
8223
8166
8220
8177
8245
8228
8130
8170
8177
8243
8165
8192
8188
8210
8233
8133
8213
8241
8231
8185
8135
8156
8206
8200
8209
8168
8134
8221
8215
8196
8257
8277
8240
8286
8171
8282
8284
8203
8249
8289
8334
8313
8253
8259
8271
8324
8340
8359
8313
8362
8424
8402
8502
8430
8345
8454
8409
8398
8384
8387
8393
8402
8320
8359
8301
8375
8315
8276
8249
8233
8200
8288
8184
8160
8192
8168
8091
8083
8123
8149
8200
8117
8129
8103
8150
8101
8141
8070
8141
8083
8147
8128
8106
8100
8089
8114
8047
8041
8042
8170
8148
8179
8123
8138
8151
8142
8161
8114
8146
8079
8135
8098
8107
8011
8010
7922
7872
7959
7873
8172
8349
8467
8664
8955
9308
9671
9991
10083
10340
10515
10564
10510
10438
10309
9924
9529
9022
8602
8337
8027
7995
7847
7868
7928
7937
7986
8062
8085
8184
8102
8081
8071
8101
8147
8114
8086
8075
8100
8121
8122
8128
8115
8176
8178
8120
8104
8060
8161
8096
8091
8036
8128
8176
8119
8156
8117
8146
8166
8192
8239
8156
8125
8157
8233
8221
8094
8213
8126
8208
8213
8183
8167
8228
8221
8187
8199
8251
8175
8273
8294
8229
8197
8198
8286
8298
8226
8306
8301
8269
8306
8235
8320
8246
8297
8406
8375
8303
8314
8370
8494
8455
8416
8429
8346
8485
8476
8518
8462
8503
8523
8492
8633
8550
8525
8502
8636
8652
8533
8626
8599
8612
8702
8647
8611
8593
8669
8642
8685
8694
8693
8560
8658
8672
8684
8705
8644
8568
8672
8611
8571
8567
8544
8560
8535
8517
8429
8465
8441
8426
8391
8405
8376
8310
8294
8294
8289
8243
8331
8281
8314
8214
8182
8218
8232
8130
8198
8187
8198
8219
8184
8134
8169
8224
8107
8157
8164
8009
8199
8203
8162
8153
8225
8166
8101
8192
8126
8207
8135
8189
8162
8103
8173
8180
8186
8190
8160
8109
8178
8128
8196
8148
8127
8152
8205
8160
8177
8157
8165
8159
8147
8221
8193
8193
8215
8203
8159
8204
8147
8200
8166
8173
8147
8191
8108
8198
8209
8199
8169
8165
8155
8145
8204
8214
8211
8163
8193
8175
8181
8159
8155
8115
8183
8172
8207
8165
8194
8124
8168
8192
8211
8162
8153
8154
8186
8255
8215
8146
8200
8210
8083
8199
8148
8233
8163
8184
8154
8200
8204
8177
8191
8152
8197
8181
8159
8144
8217
8258
8161
8212
8180
8208
8280
8240
8256
8266
8267
8268
8317
8278
8317
8333
8248
8292
8324
8378
8398
8396
8287
8402
8399
8386
8400
8374
8329
8364
8373
8356
8226
8270
8306
8247
8179
8225
8182
8167
8151
8092
8132
8136
8161
8114
8136
8115
8129
8152
8104
8107
8084
8071
8106
8050
8109
8091
8049
8101
8133
8119
8052
8066
8093
8076
8128
8115
8016
8075
8110
8053
8084
8062
8075
8047
8043
8072
8062
8102
8060
8070
7915
7847
7920
7860
7958
8082
8203
8401
8653
8995
9172
9637
9859
10059
10290
10428
10581
10433
10408
10227
9923
9517
9021
8607
8278
7952
7897
7868
7904
7894
7915
7942
7995
8056
8068
8034
8051
8078
8149
8017
8038
8085
8087
8011
8062
8064
8044
8075
8105
8143
8113
8052
8069
8104
8147
8158
8138
8121
8028
8098
8118
8159
7988
8136
8140
8099
8046
8125
8105
8185
8097
8108
8135
8083
8192
8116
8112
8244
8174
8130
8241
8181
8197
8239
8149
8145
8131
8215
8266
8173
8178
8184
8219
8205
8183
8271
8307
8270
8171
8248
8336
8309
8368
8286
8286
8330
8385
8342
8412
8377
8405
8412
8520
8470
8442
8465
8484
8436
8568
8529
8580
8558
8511
8590
8616
8579
8551
8612
8643
8594
8568
8523
8583
8577
8510
8574
8603
8571
8535
8675
8582
8604
8477
8554
8517
8578
8501
8457
8529
8556
8429
8339
8390
8327
8310
8417
8291
8284
8283
8152
8258
8220
8212
8170
8185
8143
8240
8124
8161
8107
8164
8069
8087
8163
8170
8047
8140
8214
8074
8156
8131
8109
8133
8139
8100
8102
8151
8047
8086
8056
8084
8039
8152
8103
8067
8146
8106
8133
8114
8211
8146
8092
8094
8112
8114
8079
8105
8130
8162
8119
8112
8062
8076
8143
8081
8170
8109
8112
8112
8216
