8681
8176
7951
7673
7593
7466
7589
7602
7587
7595
7661
7673
7630
7699
7761
7699
7784
7742
7803
7702
7763
7736
7646
7744
7749
7760
7758
7739
7738
7753
7736
7774
7737
7757
7787
7724
7770
7651
7742
7735
7763
7740
7763
7760
7785
7870
7780
7822
7748
7833
7744
7826
7764
7796
7805
7816
7756
7832
7862
7804
7802
7855
7857
7838
7846
7925
7827
7862
7868
7902
7942
7870
7880
7861
7866
7882
7914
7938
7988
7895
7996
8013
7997
7994
8066
8007
8076
8047
8053
8059
8038
8118
8165
8174
8158
8212
8086
8171
8175
8287
8230
8175
8257
8264
8218
8295
8259
8284
8249
8313
8273
8251
8244
8279
8290
8211
8296
8256
8267
8233
8260
8244
8251
8180
8252
8126
8202
8169
8106
8054
8095
7956
8082
8035
7942
7991
8001
7846
7938
7882
7906
7900
7849
7846
7840
7804
7886
7729
7777
7788
7849
7792
7805
7805
7765
7804
7824
7796
7706
7763
7760
7809
7756
7793
7765
7731
7789
7813
7800
7756
7750
7687
7799
7765
7727
7791
7790
7861
7731
7815
7795
7814
7816
7840
7709
7739
7775
7731
7721
7811
7846
7803
7704
7752
7787
7732
7851
7802
7800
7787
7821
7807
7766
7780
7880
7763
7823
7870
7791
7834
7902
7755
7763
7851
7853
7793
7793
7738
7833
7877
7814
7769
7790
7769
7797
7803
7828
7746
7857
7803
7777
7810
7767
7777
7772
7734
7775
7837
7851
7796
7816
7795
7723
7783
7842
7802
7814
7764
7725
7793
7782
7734
7731
7780
7818
7827
7864
7794
7829
7794
7846
7798
7914
7837
7850
7904
7850
7877
7869
7890
7880
7969
7894
7930
7978
7958
8033
7961
7893
8011
7994
8011
8090
8045
8012
8074
7986
8011
7985
8071
7999
7970
7893
7911
7839
7901
7828
7753
7766
7805
7754
7783
7834
7788
7824
7735
7766
7720
7739
7743
7724
7786
7791
7737
7712
7724
7695
7723
7720
7779
7710
7718
7782
7663
7703
7732
7698
7770
7691
7701
7643
7711
7770
7707
7789
7717
7651
7732
7749
7704
7664
7600
7597
7526
7531
7656
7709
7839
8106
8307
8618
8927
9246
9523
9635
9869
10137
10264
10108
10007
9887
9527
9138
8656
8254
7909
7612
7590
7454
7442
7504
7595
7566
7611
7654
7690
7657
7683
7687
7727
7781
7756
7810
7724
7730
7714
7718
7728
7739
7715
7745
7749
7752
7740
7784
7746
7746
7692
7742
7841
7789
7671
7805
7788
7721
7780
7787
7850
7766
7752
7804
7821
7764
7839
7777
7788
7757
7846
7847
7821
7737
7863
7857
7818
7802
7809
7791
7782
7851
7826
7871
7881
7865
7892
7925
7912
7958
7922
7907
7895
7888
7978
8003
8029
7955
8029
7981
8062
8025
8132
8087
8044
8146
8118
8166
8112
8190
8231
8150
8152
8235
8171
8221
8203
8239
8261
8272
8180
8202
8207
8284
8283
8240
8283
8313
8255
8268
8271
8219
8297
8176
8298
8300
8259
8251
8224
8293
8172
8128
8214
8102
8142
8033
8023
8090
8031
8055
8007
8023
8037
7902
7962
7891
7917
7878
7900
7883
7877
7804
7789
7879
7839
7798
7890
7832
7878
7818
7805
7806
7756
7825
7797
7786
7866
7849
7815
7803
7863
7775
7807
7745
7846
7831
7764
7754
7816
7837
7777
7735
7804
7784
7776
7772
7819
7832
7776
7742
7768
7822
7785
7848
7807
7837
7804
7824
7739
7844
7806
7836
7765
7831
7840
7775
7797
7806
7791
7862
7819
7846
7797
7877
7837
7824
7821
7828
7756
7834
7773
7822
7848
7794
7811
7785
7829
7862
7842
7794
7816
7805
7793
7846
7871
7822
7786
7836
7832
7845
7777
7815
7772
7859
7764
7791
7784
7819
7838
7771
7860
7755
7824
7832
7818
7820
7816
7825
7817
7797
7861
7807
7877
7869
7894
7840
7907
7823
7865
7919
7955
7887
7888
7924
7863
7836
7937
7887
7871
7943
7987
7951
7954
8036
8044
7991
8076
8033
8092
8069
8067
8053
7970
8046
8060
8014
7990
8081
7975
7933
7928
7861
7884
7810
7835
7865
7847
7773
7774
7791
7786
7750
7766
7770
7754
7758
7762
7736
7716
7746
7808
7735
7741
7727
7748
7775
7749
7780
7808
7763
7785
7809
7741
7713
7809
7786
7780
7801
7690
7696
7770
7703
7817
7794
7806
7675
7684
7679
7559
7548
7515
7583
7807
7951
8093
8350
8653
8949
9273
9501
9672
9955
10178
10182
10122
10071
9843
9614
9149
8747
8328
8011
7755
7500
7448
7489
7509
7604
7633
7645
7703
7650
7700
7759
7792
7797
7778
7816
7813
7719
7756
7740
7699
7725
7739
7744
7795
7809
7849
7834
7811
7836
7741
7768
7800
7754
7819
7768
7829
7787
7838
7797
7822
7836
7861
7872
7809
7835
7837
7837
7837
7828
7821
7855
7834
7867
7927
7883
7919
7932
7846
7902
7892
7946
7947
7896
7896
7854
7880
7901
7912
7964
7939
7933
7959
7986
7987
8015
7995
8013
8074
8006
8100
8173
8056
8202
8138
8048
8019
8119
8091
8213
8152
8265
8274
8195
8223
8145
8274
8280
8255
8244
8326
8314
8346
8285
8317
8342
8272
8296
8296
8346
8310
8268
8282
8351
8348
8259
8283
8252
8284
8323
8297
8245
8183
8165
8151
8101
8118
8151
8044
8108
8036
8036
8003
7942
8006
7962
7887
7964
7966
8015
7889
7892
7911
7881
7891
7889
7869
7950
7811
7857
7863
7824
7940
7840
7817
7779
7850
7848
7822
7881
7890
7867
7817
7826
7825
7895
7882
7884
7899
7803
7848
7784
7910
7840
7857
7886
7827
7844
7856
7857
7842
7858
7852
7866
7878
7856
7818
7863
7861
7811
7839
7892
7829
7851
7833
7809
7812
7857
7853
7846
7903
7894
7922
7908
7904
7859
7867
7821
7877
7832
7872
7871
7955
7915
7860
7825
7813
7887
7917
7868
7833
7805
7832
7889
7880
7869
7960
7913
7909
7849
7937
7936
7874
7885
7847
7862
7903
7866
7876
7923
7835
7836
7929
7874
7863
7830
7916
7883
7875
7857
7852
7857
7904
7920
7879
7916
7871
7914
7928
7892
7940
7913
7929
7938
7962
7941
7975
7921
8045
8010
7938
8025
8040
8111
8071
8092
8062
8097
8096
8097
8125
8044
8101
8183
8075
8127
8070
8015
8032
8041
7981
7984
7997
7961
7863
7915
7938
7894
7873
7787
7808
7865
7864
7831
7852
7806
7839
7769
7844
7835
7799
7855
7779
7832
7840
7847
7871
7842
7847
7823
7769
7810
7786
7812
7840
7782
7794
7753
7855
7846
7806
7784
7787
7816
7804
7725
7837
7750
7663
7658
7607
7570
7656
7844
7961
8212
8400
8684
9001
9406
9555
9821
10104
10165
10317
10217
10144
9920
9581
9204
8783
8345
8021
7747
7593
7521
7538
7690
7652
7714
7691
7720
7817
7761
7870
7782
7738
7779
7768
7842
7823
7784
7818
7831
7804
7849
7841
7841
7811
7857
7781
7827
7799
7821
7886
7855
7893
7853
7822
7849
7799
7794
7958
7844
7893
7839
7925
7903
7920
7888
7847
7973
7827
7880
7942
7906
7948
7944
7895
7970
7922
7894
7984
7998
7983
7960
7918
7986
7989
7979
7988
8023
8001
8039
8034
8054
8056
8073
8078
8113
8142
8133
8091
8122
8112
8184
8170
8220
8147
8228
8231
8164
8322
8285
8303
8290
8309
8313
8270
8282
8322
8444
8388
8400
8369
8417
8405
8342
8401
8412
8328
8400
8322
8375
8366
8397
8446
8418
8407
8348
8329
8405
8361
8331
8333
8226
8283
8262
8259
8183
8175
8217
8167
8125
8147
8033
8078
8065
8043
8025
8015
8048
8027
8020
8002
7937
8033
7879
7987
7949
7901
7941
7973
7904
7954
7920
7899
7944
7939
7914
7950
7960
7918
7897
7938
7910
7894
7924
7879
7983
7962
7922
7922
7919
7967
7934
7899
7917
7959
7972
7923
7919
7919
7972
7855
7934
7970
7853
7959
7973
7846
7908
7906
7870
7934
7965
7988
8029
8005
7917
7912
7960
7941
7972
7933
7927
7958
7885
7954
7987
7992
7929
7960
7959
7949
7918
7903
7903
7972
8005
7988
7969
7908
7937
7948
7905
7972
8009
7901
7959
7977
7939
7944
8011
7940
7950
8058
7903
7918
7906
7937
8004
7937
7943
7969
7941
7998
7969
7937
7912
7935
7902
7920
7905
7958
7970
7961
7969
8022
8007
8073
8034
8088
8037
8049
8052
8106
8114
8054
8045
8035
8111
8134
8061
8024
8090
8206
8128
8158
8164
8169
8180
8103
8171
8219
8184
8162
8072
8153
8164
8179
8154
8107
8123
8034
8043
7973
7955
7998
7922
7972
7898
7908
7936
7837
7901
7981
7877
8016
7896
7893
7878
7861
7896
7898
7941
7891
7907
7859
7907
7968
7884
7812
7873
7797
7841
7935
7845
7916
7913
7930
7906
7855
7919
7914
7916
7916
7889
7934
7877
7904
7793
7709
7743
7680
7777
7938
8066
8320
8532
8837
9067
9467
9745
9991
10125
10276
10357
10330
10246
10038
9731
9320
8817
8397
8057
7791
7765
7665
7728
7698
7763
7800
7774
7910
7850
7846
7858
7878
7873
7944
7902
8001
7907
7979
7892
7934
7888
7896
7903
7925
7954
7918
7853
7868
7937
7879
7986
8027
7918
8012
7957
7906
7897
7970
7917
7948
7998
7988
7990
8020
