8189
8261
8292
8250
8280
8211
8263
8248
8247
8267
8273
8218
8362
8276
8323
8313
8185
8271
8189
8225
8149
8215
8135
8144
8202
8060
8158
8110
8063
8115
8023
8084
7960
7970
7979
7973
7927
7958
7893
7835
7882
7894
7958
7872
7952
7848
7827
7776
7769
7815
7800
7852
7865
7805
7787
7749
7796
7730
7818
7803
7744
7733
7818
7755
7780
7771
7818
7777
7803
7779
7822
7795
7780
7790
7835
7789
7781
7779
7870
7741
7796
7873
7812
7797
7787
7760
7848
7834
7902
7806
7844
7806
7822
7833
7767
7824
7866
7867
7779
7820
7906
7842
7841
7809
7746
7849
7801
7805
7891
7881
7844
7777
7814
7820
7812
7799
7861
7829
7792
7855
7806
7857
7795
7810
7812
7884
7809
7766
7796
7774
7763
7757
7857
7778
7882
7821
7856
7802
7883
7770
7840
7794
7842
7793
7811
7877
7777
7769
7777
7777
7821
7799
7808
7823
7803
7902
7907
7789
7907
7874
7826
7859
7913
7843
7936
7905
7939
7949
7866
7882
7923
7981
8005
7953
8031
7974
7998
8013
8073
8009
8159
8111
8097
8043
7985
8003
7986
8036
8033
7988
7940
7877
7894
8001
7888
7900
7773
7762
7844
7777
7755
7834
7767
7812
7798
7729
7839
7738
7843
7758
7790
7780
7813
7717
7806
7813
7697
7711
7802
7794
7765
7827
7795
7680
7669
7742
7782
7724
7758
7730
7754
7772
7741
7805
7824
7749
7759
7744
7668
7639
7572
7567
7523
7614
7788
7942
8070
8380
8640
8996
9275
9530
9758
9921
10098
10354
10166
10076
9908
9600
9128
8685
8180
8012
7703
7562
7471
7499
7562
7677
7643
7627
7679
7752
7602
7734
7718
7781
7799
7767
7789
7774
7777
7740
7737
7732
7765
7736
7776
7782
7747
7841
7731
7772
7808
7787
7838
7855
7720
7819
7740
7817
7806
7777
7817
7847
7812
7817
7782
7845
7810
7844
7800
7887
7864
7858
7908
7880
7860
7903
7880
7888
7916
7938
7888
7954
7824
7873
7925
7933
7934
8017
7997
7942
8029
7967
7973
7933
7923
7968
7987
8085
8070
8039
8014
8039
8134
8163
8093
8122
8126
8171
8200
8173
8161
8248
8211
8269
8246
8247
8261
8268
8321
8268
8282
8328
8249
8319
8289
8256
8313
8327
8327
8367
8335
8314
8306
8321
8347
8288
8276
8309
8304
8196
8221
8262
8248
8212
8164
8162
8079
8088
8128
8155
8101
8068
7979
7985
8027
8026
7972
7988
7862
7926
7894
7921
7947
7889
7838
7839
7863
7853
7837
7925
7919
7786
7881
7806
7815
7861
7942
7834
7826
7822
7863
7841
7823
7850
7901
7821
7817
7786
7782
7863
7886
7819
7895
7797
7906
7914
7850
7820
7882
7845
7869
7821
7905
7837
7872
7939
7847
7874
7963
7865
7879
7877
7832
7862
7874
7829
7840
7895
7805
7817
7911
7838
7858
7882
7890
7935
7854
7894
7909
7867
7893
7848
7924
7806
7903
7900
7910
7862
7827
7833
7828
7891
7913
7907
7850
7907
7902
7865
7890
7838
7892
7896
7862
7891
7892
7869
7926
7924
7824
7864
7891
7835
7827
7791
7889
7950
7905
7936
7886
7965
7888
7970
7922
7850
7914
7950
7900
7983
7937
7917
7955
8016
7929
7959
7942
7962
7950
7998
7970
7988
7974
8025
8085
8109
8050
8064
8184
8129
8020
8122
8094
8056
8123
8110
8088
8131
8049
8102
8010
8005
8003
8020
7972
7926
7864
7939
7932
7897
7878
7828
7866
7787
7835
7857
7818
7886
7847
7817
7808
7706
7856
7885
7752
7827
7773
7832
7850
7848
7881
7834
7839
7744
7811
7766
7887
7863
7790
7853
7798
7874
7847
7849
7872
7884
7836
7865
7813
7811
7760
7631
7577
7698
7698
7827
7992
8181
8439
8678
9033
9343
9613
9882
9971
10215
10289
10298
10225
9923
9691
9353
8768
8290
8037
7761
7560
7583
7600
7629
7716
7682
7775
7707
7771
7751
7777
7759
7858
7822
7827
7853
7761
7838
7846
7872
7773
7848
7900
7876
7857
7796
7811
7837
7874
7831
7883
7806
7951
7847
7891
7830
7889
7885
7854
7993
7910
7920
7871
7884
7901
7929
7958
8007
7938
7964
7926
7954
7898
7900
7959
7952
7987
8006
7952
7959
7954
7947
8016
7934
8035
8025
7992
8020
8029
7952
8080
8074
8030
8028
8082
8046
8140
8060
8160
8138
8142
8143
8215
8203
8191
8191
8164
8337
8220
8312
8303
8273
8219
8334
8280
8308
8356
8390
8380
8354
8374
8408
8414
8403
8418
8404
8376
8366
8489
8427
8378
8350
8359
8379
8297
8410
8373
8391
8287
8284
8275
8306
8285
8226
8239
8301
8247
8241
8248
8137
8063
8181
8180
8056
8145
8070
8095
8038
8022
7879
7987
8003
7992
7916
7954
8036
7905
7935
7977
7946
7982
7948
7980
7891
7887
7908
7972
7947
7923
7899
7908
7989
7874
7886
7885
7927
7867
7896
7916
8008
7931
7896
7872
7916
7910
7905
7991
7966
7970
7848
7971
8026
7939
8001
7956
7889
7951
7964
7950
7935
8020
8018
7943
7932
7961
7938
7942
7935
7912
8007
7955
7954
7938
7967
7961
7976
7971
7985
7974
7918
7925
7939
8013
8052
7956
7997
7992
7950
7933
7962
7993
7985
8009
7998
8020
7967
8000
7951
7955
7986
7930
7951
7972
7920
7853
8020
7938
7961
8032
7959
7880
7977
7938
7961
7903
7954
8004
7984
7967
7930
7934
7996
8038
8033
8002
7982
8026
7980
8069
8063
8032
8029
7945
8114
8083
8064
8075
7961
8050
8099
8138
8172
8140
8130
8198
8150
8125
8224
8206
8160
8223
8223
8139
8172
8204
8201
8112
8201
8140
8148
8013
8057
8037
7950
7993
7912
7975
7936
8023
7998
7906
7883
8004
7910
7964
7868
7860
7946
7994
7922
7859
7922
7896
7879
7869
7916
7822
7851
7869
7993
7890
7919
7915
7878
7942
7851
7916
7927
7855
7900
7966
7918
7938
7935
7857
7864
7864
7732
7721
7665
7714
7739
7990
8136
8250
8404
8779
9108
9481
9720
9904
10153
10306
10440
10329
10282
10046
9745
9344
8843
8403
8051
7858
7754
7703
7683
7718
7761
7769
7855
7776
7846
7859
7843
7951
7898
7981
7921
7895
7819
7926
7945
7942
7875
7870
8022
7946
7965
7906
7961
8009
7876
7942
7970
8007
7947
7920
7847
7933
7998
7928
7973
8010
7931
8018
8024
7988
8070
8031
7973
7969
7972
8022
8024
7982
8101
8034
8103
8068
7992
7957
8040
8091
8117
8069
8011
8091
8079
8068
8093
8084
8103
8145
8071
8173
8109
8220
8119
8141
8137
8184
8261
8168
8250
8251
8248
8235
8238
8381
8258
8313
8322
8277
8356
8328
8310
8424
8375
8444
8459
8489
8408
8467
8419
8444
8526
8472
8509
8464
8437
8536
8509
8474
8524
8517
8490
8470
8493
8465
8443
8407
8430
8485
8453
8431
8347
8319
8372
8318
8267
8243
8288
8212
8179
8237
8166
8135
8113
8123
8028
8033
8180
8088
8122
8037
8114
8000
7994
8075
8007
8021
8030
7959
8111
8021
8089
8051
8075
8011
8062
7985
8052
7970
7955
7984
7988
8020
8053
7994
8075
7948
8008
8037
7982
8053
7991
8030
7980
8019
8056
8014
8076
7976
8056
8058
7977
8066
8058
7936
8100
8018
8098
8062
8066
8025
7979
7909
8014
8021
8027
8052
7980
8092
8034
8098
7959
7907
8028
8040
8037
8085
8046
8029
8031
8005
8128
8020
8077
8020
8024
7994
8105
8027
8083
7975
8000
8040
8072
8083
8171
8018
8024
8059
8072
8086
8023
8006
7992
8062
7993
8041
8048
8065
7994
8014
8111
8036
8018
8107
8095
8116
8062
8058
8073
8116
8033
8051
8126
8073
8161
8171
8170
8120
8104
8144
8132
8096
8134
8170
8223
8063
8183
8219
8228
8277
8299
8230
8226
8304
8274
8265
8299
8295
8271
8278
8289
8274
8265
8218
8190
8212
8222
8207
8197
8121
8166
8101
8000
7977
8016
7994
8003
8073
8023
8099
8051
8052
7926
8005
8020
8007
7974
7944
8052
8044
8036
8004
8039
7957
7997
7922
8032
7955
8008
7913
7968
8011
7958
7952
8036
8003
7987
8038
8044
8037
8016
8037
7987
7969
7919
7878
7858
7770
7850
7925
8014
8143
8351
8588
8995
9192
9556
9853
10041
10229
10320
10463
10413
10442
10158
9833
9348
8911
8503
8200
7946
7884
7825
7731
7814
7818
7887
7811
7971
7916
7933
7964
8048
7950
8032
8060
8031
7968
8065
7963
7972
8046
8039
8005
8002
7994
8044
8005
8084
8044
8028
8043
8094
8098
8010
8127
8049
8060
8061
8001
8104
7964
8132
8112
8109
8090
8102
8029
8087
8178
8136
8020
8142
8158
8085
8110
8113
8177
8133
8110
8071
8099
8172
8130
8157
8189
8165
8191
8211
8159
8147
8278
8251
8170
8292
8233
8315
8226
8224
8236
8346
8327
8355
8412
8400
8383
8310
8450
8429
8478
8415
8552
8474
8509
8499
8369
8486
8498
8416
8502
8555
8539
8537
8551
8555
8510
8502
8593
8568
8606
8579
8574
8565
8638
8599
8592
8560
8498
8488
8509
8525
8476
8498
8448
8442
8397
8399
8416
8294
8353
8364
8312
8233
8194
8240
8219
8189
8201
8161
8216
8231
8195
8142
8150
8163
8140
8013
