7810
7974
7953
8062
7989
8061
8107
8109
8041
8118
8163
8155
8106
8142
8156
8064
8153
8179
8116
8186
8143
8174
8080
8153
8164
8181
8177
8106
8158
8114
8149
8082
8121
8134
8193
8216
8106
8135
8194
8193
8085
8170
8201
8165
8220
8195
8194
8174
8186
8189
8212
8253
8209
8219
8247
8189
8263
8249
8251
8246
8322
8208
8158
8244
8266
8327
8222
8321
8388
8329
8296
8330
8257
8359
8385
8421
8414
8435
8463
8446
8376
8392
8445
8482
8494
8464
8518
8516
8598
8507
8571
8531
8574
8649
8702
8603
8649
8615
8608
8621
8669
8691
8685
8630
8597
8553
8605
8714
8591
8676
8696
8634
8673
8666
8641
8648
8563
8646
8558
8555
8577
8527
8519
8486
8474
8376
8379
8321
8401
8373
8353
8266
8310
8321
8405
8264
8262
8296
8279
8216
8208
8277
8233
8142
8207
8145
8142
8201
8179
8195
8145
8141
8227
8173
8208
8247
8171
8084
8233
8179
8128
8138
8193
8182
8089
8196
8185
8137
8190
8186
8211
8147
8123
8168
8150
8202
8194
8148
8170
8217
8218
8189
8199
8168
8206
8170
8251
8220
8194
8225
8256
8123
8207
8229
8165
8199
8209
8223
8215
8208
8257
8245
8210
8219
8175
8139
8202
8210
8208
8205
8235
8301
8177
8178
8244
8198
8132
8122
8226
8211
8135
8183
8164
8229
8170
8155
8199
8235
8212
8156
8197
8202
8161
8221
8228
8190
8198
8176
8174
8186
8268
8225
8156
8170
8134
8204
8227
8216
8264
8303
8264
8251
8286
8278
8385
8154
8219
8258
8374
8247
8287
8280
8304
8320
8289
8238
8272
8318
8302
8357
8370
8351
8323
8300
8398
8463
8380
8408
8372
8427
8330
8363
8395
8300
8327
8363
8396
8329
8285
8255
8267
8235
8194
8152
8203
8238
8210
8158
8160
8094
8150
8128
8163
8174
8139
8072
8121
8131
8117
8155
8151
8166
8085
8126
8158
8108
8120
8162
8139
8163
8101
8129
8188
8069
8088
8118
8115
8151
8118
8182
8077
8117
8129
8171
8075
8002
7885
7944
7921
8015
8108
8287
8488
8743
8970
9316
9724
9993
10156
10335
10549
10638
10572
10439
10287
9915
9518
9103
8612
8299
8003
7879
7854
7960
7987
7946
8000
7973
8036
8037
8030
8155
8143
8090
8028
8066
8066
8130
8152
8174
8146
8121
8073
8154
8039
8067
8103
8120
8113
8170
8153
8145
8125
8158
8115
8187
8191
8162
8152
8168
8106
8219
8145
8174
8153
8168
8203
8175
8200
8228
8141
8216
8177
8212
8203
8188
8212
8200
8175
8220
8287
8175
8280
8252
8247
8237
8314
8293
8267
8316
8300
8308
8354
8343
8301
8344
8292
8327
8410
8360
8465
8407
8461
8435
8479
8463
8453
8422
8493
8400
8502
8534
8540
8618
8603
8594
8603
8514
8669
8616
8616
8613
8688
8629
8688
8651
8661
8642
8621
8658
8638
8673
8684
8682
8638
8587
8617
8694
8610
8543
8571
8612
8657
8526
8486
8494
8452
8457
8416
8366
8409
8379
8291
8332
8366
8260
8303
8306
8307
8321
8270
8230
8261
8260
8235
8173
8185
8196
8195
8200
8124
8196
8154
8209
8172
8066
8150
8121
8142
8210
8198
8200
8192
8173
8190
8111
8116
8128
8217
8161
8134
8173
8133
8163
8209
8157
8128
8166
8161
8133
8109
8096
8192
8234
8126
8196
8168
8186
8198
8222
8233
8160
8139
8115
8180
8123
8223
8175
8172
8129
8185
8188
8212
8205
8225
8164
8233
8211
8179
8196
8199
8233
8182
8143
8165
8185
8203
8210
8126
8176
8152
8161
8203
8192
8171
8205
8220
8178
8208
8115
8170
8200
8107
8134
8166
8208
8132
8201
8151
8139
8131
8264
8083
8205
8203
8200
8154
8228
8185
8232
8233
8173
8212
8267
8269
8247
8259
8271
8274
8267
8303
8240
8235
8273
8294
8208
8195
8260
8267
8342
8346
8387
8341
8473
8342
8376
8414
8413
8393
8367
8379
8460
8378
8387
8413
8387
8389
8323
8357
8369
8299
8276
8206
8214
8269
8159
8222
8128
8078
8177
8106
8209
8115
8096
8185
8161
8106
8184
8070
8163
8038
8097
8169
8127
8100
8049
8077
8045
8047
8106
8133
8098
8081
8081
8028
8106
8053
8052
8080
8072
8138
8106
8093
8145
8059
8118
8002
7958
8001
7878
7931
7901
8009
8073
8242
8569
8665
8952
9233
9610
9836
10146
10317
10481
10533
10479
10418
10241
9872
9521
8997
8580
8303
8020
7905
7813
7863
7839
7898
7952
8076
8105
8091
8036
8033
8108
8043
8037
8144
8062
8077
8102
8027
8082
8037
8054
8095
8147
8119
8023
8129
8091
8126
8110
8127
8116
8084
8134
8016
8138
8066
8181
8093
8137
8123
8080
8082
8052
8133
8230
8104
8144
8102
8164
8220
8178
8209
8212
8238
8114
8177
8224
8193
8259
8238
8196
8181
8206
8227
8220
8294
8265
8270
8264
8273
8249
8298
8266
8339
8370
8339
8320
8392
8436
8439
8362
8392
8408
8422
8435
8388
8484
8510
8523
8525
8521
8522
8521
8585
8507
8535
8618
8550
8537
8573
8601
8657
8635
8610
8564
8527
8600
8613
8648
8636
8646
8579
8673
8560
8586
8494
8614
8591
8437
8532
8583
8446
8439
8381
8390
8386
8506
8356
8383
8318
8333
8351
8264
8289
8304
8283
8200
8194
8227
8231
8190
8184
8204
8161
8083
8207
8147
8094
8183
8148
8140
8085
8101
8157
8156
8084
8068
8120
8108
8104
8213
8127
8062
8118
8078
8033
8139
8137
8072
8150
8090
8205
8084
8145
8133
8142
8084
8128
8046
8128
8079
8153
8149
8159
8113
8149
8155
8064
8118
8133
8113
8171
8145
8120
8086
8140
8134
8132
8069
8080
8143
8081
8172
8138
8111
8113
8180
8099
8112
8081
8138
8162
8187
8112
8149
8164
8114
8111
8080
8071
8156
8163
8139
8180
8123
8142
8093
8127
8115
8058
8087
8132
8132
8101
8183
8122
8058
8207
8148
8167
8085
8132
8162
8148
8097
8104
8100
8119
8153
8078
8148
8160
8128
8173
8175
8212
8175
8181
8170
8127
8245
8208
8177
8259
8204
8174
8249
8257
8267
8259
8294
8350
8267
8307
8353
8354
8417
8304
8335
8291
8375
8338
8356
8298
8307
8279
8241
8276
8271
8173
8108
8137
8059
8157
8148
8063
8119
8117
8116
8198
8036
8038
8079
8069
8050
8018
8035
8071
8075
8012
7988
8085
8004
7999
8072
8068
8035
8039
7995
8028
8066
8024
8082
7954
8036
8034
8092
8058
7983
8050
8056
7973
8011
8024
8037
8008
7967
7835
7781
7821
7900
8057
8182
8350
8652
8928
9197
9582
9856
10024
10266
10399
10436
10539
10397
10127
9860
9448
8891
8497
8167
7893
7856
7802
7747
7802
7935
7839
7868
7946
7884
7939
8020
8060
8093
8025
8048
8021
8034
8048
8020
8036
7945
8054
8028
8033
8034
8007
8043
8035
8052
8013
8091
8006
7990
8031
8117
7969
7998
8138
8123
8043
8000
8063
8064
8052
8009
8125
8077
8074
8130
8170
8061
8160
8127
8141
8161
8051
8136
8119
8140
8023
8162
8090
8154
8113
8143
8200
8227
8140
8183
8228
8186
8199
8196
8173
8237
8231
8297
8290
8299
8239
8266
8333
8341
8318
8329
8434
8325
8373
8389
8423
8477
8416
8483
8402
8418
8462
8460
8513
8525
8494
8436
8527
8485
8528
8468
8591
8583
8506
8533
8539
8513
8592
8501
8508
8531
8518
8549
8486
8407
8453
8435
8505
8400
8427
8342
8264
8260
8362
8290
8287
8266
8187
8196
8260
8236
8103
8143
8151
8123
8139
8034
8140
8096
8114
8147
8088
8093
8109
8112
8048
8048
8062
8057
8086
8030
8027
8050
8080
8009
8033
8064
8065
8043
8013
7988
7920
8045
8004
8040
8013
7983
8060
8006
7994
8021
8057
8050
8065
8091
8037
8084
8085
8070
8078
8035
8043
8026
8049
8010
8066
8008
7939
8049
8036
7984
8125
7955
8042
7997
8074
8085
8096
8044
8037
8081
8059
8056
8051
8018
8085
8118
8006
8080
8097
8048
8055
8035
8102
8024
8063
8057
8017
8047
8007
8086
8021
8031
8022
8101
7975
8052
8030
8038
7987
7986
7985
8018
8087
7988
8021
7972
8002
8009
8025
7982
8063
8103
8079
8060
8065
8066
8101
8068
8060
8083
8074
8142
8098
8131
8095
8169
8138
8167
8222
8057
8159
8083
8094
8176
8195
8230
8164
8267
8241
8151
8228
8221
8287
8275
8196
8207
8314
8204
8294
8166
8231
8195
8222
8272
8141
8067
8078
8126
8112
8034
8005
8008
7985
8000
7954
7988
7942
7983
8039
7966
8012
7954
7977
7941
7912
7959
7887
7973
8046
7920
7947
7958
7886
8042
7976
7920
7897
7921
7965
7869
7954
7861
7989
7947
7965
7877
7966
7985
7885
7947
7893
7866
7876
7756
7754
7772
7816
8018
8085
8322
8477
8810
9143
9398
9717
9904
10084
10253
10473
10374
10320
10099
9733
9360
8861
8327
8055
7876
7697
7723
7713
7713
7781
7814
7743
7902
7898
7871
7909
7947
7933
7942
7911
7945
7897
7895
7892
7920
7949
7962
7971
7966
7866
7936
7903
7925
7962
7898
7948
7948
8002
7960
7931
7967
7873
7950
7996
7987
7882
8011
8015
7989
7946
8002
7936
7942
7966
7993
