7982
7973
7973
8051
7989
7954
7951
8021
8028
8058
7997
8026
7973
8004
7976
7998
7989
7957
7997
7970
8025
8013
7979
7991
8040
8011
7971
8047
7945
7926
8038
8003
8002
8047
7945
7999
7978
8024
8060
8021
7962
7968
7999
8044
8021
7992
7965
8009
8025
8006
8008
7963
8030
8000
7991
8077
8086
8038
7946
8004
8034
8029
8051
8025
8018
7996
7932
7971
8044
8054
7986
7959
8020
8018
8034
8057
8040
8066
8030
8079
8051
8048
7996
8043
8129
8093
8085
8116
8074
8042
8150
8120
8053
8049
8107
8085
8172
8203
8148
8195
8176
8190
8230
8205
8352
8293
8342
8196
8237
8217
8199
8113
8218
8204
8210
8222
8163
8177
8073
8111
8070
8025
7980
8016
8080
8006
8033
8020
7976
7909
8054
7929
7931
7947
7881
8038
7951
7868
7952
7969
8011
7866
8013
8007
7991
7995
8022
7979
7899
7985
7955
7964
7933
7945
7956
7891
8003
7899
7988
8012
7991
7929
7964
7901
7812
7663
7736
7825
7816
8004
8114
8325
8542
8866
9150
9422
9834
9963
10232
10427
10401
10393
10308
10115
9778
9415
8949
8458
8179
7928
7743
7724
7688
7682
7831
7879
7888
7940
7919
7941
7934
7986
8031
8000
7978
8062
8037
7927
8022
7978
7992
7982
7968
7942
7894
8020
7933
8025
7992
8004
7991
8052
8061
8029
8006
8043
7963
8068
7994
8055
7999
8025
8028
7998
8063
8044
8042
8032
8046
8099
8056
8111
8091
8112
8008
8063
8137
8052
8122
8159
8052
8131
8071
8049
8142
8110
8091
8126
8223
8133
8218
8233
8157
8179
8110
8197
8263
8249
8237
8253
8332
8247
8297
8294
8290
8305
8327
8339
8392
8426
8452
8385
8431
8454
8414
8475
8454
8475
8482
8484
8516
8520
8512
8509
8456
8549
8531
8538
8497
8533
8511
8480
8572
8508
8508
8489
8483
8474
8510
8466
8463
8458
8439
8442
8309
8403
8262
8285
8355
8264
8256
8221
8277
8172
8130
8232
8119
8168
8135
8110
8124
8158
8165
8169
8131
8123
8161
8048
8109
8117
8058
8078
8026
8106
8048
7955
8107
8104
8047
8055
7997
8123
8095
8051
8001
8007
8119
8056
8098
8107
8045
8058
8079
8101
7984
8052
8075
8040
8069
8111
8159
8097
8084
8119
8017
8096
8126
8073
8096
8035
8061
8107
8044
8031
8051
8010
8084
8057
8088
8065
8144
8084
8062
8106
8084
8086
8050
8025
8072
8120
8072
8083
8071
8064
8056
8158
8110
8073
8070
8017
8148
8093
8067
8204
8133
8150
8087
8093
8070
8096
8131
8164
8121
8089
8045
8095
8117
8034
8020
8040
8131
8055
8055
8165
8084
8132
8120
8129
8138
8125
8081
8159
8145
8126
8121
8171
8137
8211
8124
8163
8127
8125
8166
8266
8194
8218
8265
8167
8169
8212
8270
8269
8280
8315
8375
8295
8299
8357
8293
8368
8348
8288
8316
8289
8311
8311
8234
8334
8342
8164
8183
8166
8195
8200
8082
8132
8046
8082
8093
8083
8086
8071
8070
8106
8089
8088
8005
7988
8069
8054
8048
8110
8094
7998
8044
7998
8014
8063
8065
8048
8045
8149
8030
8079
8056
8113
8011
8065
7956
7982
8002
8031
8070
8048
8097
7973
7927
7929
7866
7852
7866
7881
8071
8180
8370
8658
8914
9250
9562
9802
10016
10269
10440
10547
10458
10421
10168
9849
9459
9023
8511
8308
8004
7837
7793
7811
7864
7926
7921
7979
8060
7999
8042
8005
8076
8002
7997
8025
8102
8052
8068
8089
8068
8050
8058
8049
8098
8135
8039
8036
8095
8004
8165
8042
8051
8069
8028
8090
8043
8155
8083
8113
8066
8104
8104
8077
8108
8130
8106
8140
8104
8158
8193
8164
8187
8137
8163
8107
8135
8129
8143
8200
8132
8245
8223
8270
8196
8216
8275
8225
8221
8213
8228
8287
8266
8279
8227
8295
8366
8335
8355
8338
8286
8272
8404
8350
8414
8434
8442
8472
8500
8457
8518
8578
8390
8470
8570
8515
8503
8581
8577
8671
8569
8613
8527
8569
8555
8647
8603
8580
8558
8630
8539
8661
8619
8616
8545
8488
8590
8486
8561
8550
8542
8525
8488
8487
8460
8480
8409
8364
8342
8323
8404
8316
8302
8276
8266
8241
8292
8227
8268
8204
8200
8232
8264
8230
8234
8168
8129
8166
8105
8194
8097
8164
8141
8145
8205
8165
8129
8175
8146
8147
8159
8122
8149
8108
8055
8102
8097
8165
8116
8178
8175
8122
8109
8126
8099
8197
8167
8142
8229
8154
8185
8122
8132
8129
8081
8133
8127
8142
8133
8198
8122
8121
8223
8142
8152
8210
8146
8214
8146
8186
8095
8158
8195
8132
8113
8176
8174
8102
8110
8200
8177
8163
8185
8199
8180
8213
8193
8086
8151
8184
8138
8120
8221
8204
8159
8128
8246
8196
8160
8111
8202
8223
8139
8170
8193
8062
8182
8164
8149
8232
8175
8223
8232
8165
8111
8198
8167
8161
8244
8190
8150
8255
8199
8200
8187
8233
8115
8220
8253
8206
8164
8258
8197
8232
8262
8226
8294
8230
8308
8250
8281
8291
8310
8385
8300
8423
8330
8351
8422
8432
8454
8399
8378
8321
8377
8389
8371
8425
8433
8339
8343
8294
8230
8128
8183
8095
8141
8176
8137
8191
8005
8161
8073
8213
8132
8121
8168
8062
8052
8137
8199
8142
8128
8127
8099
8102
8113
8200
8039
8116
8109
8051
8111
8108
8070
8098
8040
8059
8105
8115
8052
8017
8077
8062
8125
8132
8070
7988
7972
7914
7899
7904
7928
8246
8284
8473
8687
9040
9304
9640
9969
10032
10303
10470
10584
10533
10431
10256
9879
9495
9106
8655
8344
8139
7984
7838
7905
7924
7949
8038
8034
8077
8012
8092
8031
8085
8088
8100
8072
8174
8057
8125
8141
8094
8122
8121
8055
8112
8197
8080
8068
8130
8108
8200
8117
8074
8161
8109
8056
8163
8141
8145
8115
8190
8166
8201
8130
8244
8153
8168
8141
8069
8285
8193
8148
8194
8181
8207
8171
8186
8184
8167
8186
8228
8278
8164
8269
8306
8222
8284
8261
8173
8302
8256
8276
8261
8324
8353
8292
8329
8332
8393
8406
8391
8423
8398
8451
8406
8474
8449
8476
8533
8516
8511
8554
8565
8579
8551
8541
8629
8593
8624
8547
8636
8697
8625
8638
8675
8690
8648
8694
8642
8594
8642
8671
8659
8662
8642
8648
8618
8530
8599
8573
8612
8545
8486
8511
8513
8559
8484
8463
8461
8476
8495
8371
8289
8341
8319
8300
8225
8226
8258
8225
8313
8306
8297
8264
8261
8268
8130
8283
8180
8165
8191
8195
8171
8197
8117
8169
8211
8158
8185
8153
8150
8168
8246
8174
8204
8154
8160
8113
8182
8230
8156
8224
8178
8229
8168
8223
8146
8151
8178
8217
8180
8161
8191
8129
8180
8211
8258
8185
8176
8209
8201
8255
8172
8266
8186
8222
8190
8176
8152
8115
8201
8200
8264
8207
8165
8218
8269
8184
8151
8194
8136
8209
8160
8152
8183
8211
8220
8182
8124
8213
8223
8235
8265
8243
8281
8119
8126
8145
8142
8224
8260
8162
8195
8225
8188
8172
8147
8206
8214
8119
8156
8200
8185
8188
8212
8167
8202
8175
8206
8220
8207
8239
8120
8257
8257
8241
8235
8298
8379
8272
8298
8243
8198
8288
8268
8290
8282
8233
8292
8314
8303
8373
8389
8296
8366
8316
8430
8427
8394
8373
8469
8362
8401
8441
8381
8459
8358
8372
8314
8376
8298
8245
8217
8229
8222
8242
8154
8133
8185
8141
8192
8147
8198
8172
8133
8218
8133
8124
8129
8189
8121
8168
8135
8198
8087
8144
8185
8148
8137
8135
8183
8052
8127
8144
8154
8172
7987
8156
8121
8075
8193
8130
8149
8156
8064
8061
8135
8095
8028
7922
7943
7936
8012
8143
8345
8452
8654
9015
9267
9628
9946
10082
10363
10491
10592
10527
10414
10210
9910
9497
9139
8713
8282
8053
7899
7831
7812
7964
7978
7996
8017
7991
8020
8075
8133
8080
8113
8096
8051
8125
8154
8134
8103
8119
8164
8105
8125
8108
8025
8119
8156
8113
8149
8171
8168
8101
8105
8204
8088
8167
8135
8086
8209
8128
8213
8245
8167
8196
8203
8117
8127
8186
8275
8174
8180
8167
8238
8121
8198
8208
8218
8138
8253
8224
8315
8278
8290
8253
8264
8308
8279
8378
8322
8323
8345
8299
8315
8417
8367
8334
8354
8388
8385
8377
8379
8431
8444
8443
8527
8414
8484
8516
8533
8533
8607
8579
8613
8602
8618
8650
8624
8626
8646
8649
8625
8606
8633
8610
8582
8697
8675
8591
8664
8650
8676
8714
8623
8612
8599
8688
8664
8580
8593
8587
8576
8594
8527
8472
8508
8511
8426
8447
8426
8330
8366
8343
8378
8327
8347
8294
8199
8247
8228
8243
8282
8266
8165
8189
8249
8153
8250
8207
8152
8182
8230
8167
8165
8153
8119
8177
8199
8207
8229
8148
8196
8165
8175
8137
8186
8199
8184
8191
8214
8167
8210
8164
8182
8182
8165
8228
8148
8166
8179
8208
8138
8173
8180
8200
8234
8268
8218
8231
8151
8204
8164
8225
8159
8169
8185
8202
8124
8184
8150
8219
8218
8104
8148
8276
8241
8198
8130
8161
8181
8242
8164
8211
8144
8226
8150
8196
8197
8188
8150
8126
8208
