7985
7989
7964
8048
8004
8063
7934
8021
8018
8114
8061
8068
8074
8106
8046
8130
8107
8090
8093
8134
8158
8156
8143
8151
8111
8204
8131
8180
8167
8100
8234
8161
8260
8257
8183
8275
8330
8267
8272
8259
8327
8361
8408
8341
8383
8387
8405
8362
8404
8424
8425
8422
8472
8430
8441
8473
8412
8438
8506
8385
8460
8487
8462
8434
8456
8450
8368
8350
8394
8340
8351
8250
8370
8338
8300
8226
8261
8243
8262
8174
8188
8215
8124
8163
8062
8058
8034
8047
7992
7980
7972
8098
8046
8005
8077
7937
8037
7955
7927
7989
8064
7983
7991
7891
7970
7989
8002
7853
7876
7927
7928
7913
7930
7978
7901
7994
7960
7936
7988
7918
7942
7979
7983
7966
7929
7865
8027
7980
7954
7994
7966
7954
7855
8021
8090
7906
7990
7915
7987
7986
7936
7960
7888
7905
7966
7976
7914
7875
7997
7931
7954
7954
8007
7933
7943
7937
7970
7996
7888
7925
7909
8010
7986
7950
7865
8014
7865
8012
7924
7923
7951
7961
7987
7969
7910
7926
7989
7957
7990
7940
7996
7970
7953
7997
7905
7998
7923
7968
7927
7924
7848
7977
8008
7940
8026
7915
7940
7958
7963
7966
7940
7981
7988
7987
7959
7969
7978
7924
7979
8052
7988
8015
8063
8001
8031
7992
8075
8004
8136
8031
8166
8077
8184
8061
8094
8181
8191
8188
8183
8228
8191
8179
8122
8086
8127
8165
8097
8053
8045
8084
8038
7987
7978
7949
7863
7899
7857
7870
7859
7871
7966
7914
7906
7862
7912
7819
7835
7806
7771
7749
7850
7899
7847
7900
7829
7888
7899
7870
7898
7906
7902
7856
7868
7941
7856
7880
7843
7885
7833
7933
7865
7842
7813
7825
7892
7881
7843
7718
7643
7679
7680
7689
7867
8066
8222
8438
8741
9039
9372
9744
9846
10029
10224
10373
10297
10213
9965
9709
9282
8777
8363
8073
7755
7546
7630
7651
7614
7754
7697
7744
7772
7810
7839
7809
7801
7826
7784
7862
7849
7828
7770
7754
7856
7877
7908
7874
7826
7823
7878
7807
7895
7869
7878
7860
7809
7852
7899
7863
7888
7911
7800
7873
7875
7934
7902
7944
7928
7954
7916
7903
7930
7891
7909
7898
7880
7946
7984
7864
7916
7956
7978
8003
7950
7999
7963
7979
7946
8015
7981
7948
7987
7954
8045
8035
7964
8010
8043
7978
8100
7955
8032
8017
8145
8140
8092
8092
8132
8239
8185
8196
8182
8235
8263
8196
8313
8240
8285
8287
8359
8369
8273
8299
8372
8346
8380
8401
8312
8372
8324
8294
8340
8357
8388
8338
8402
8415
8384
8361
8261
8207
8341
8299
8341
8255
8328
8189
8227
8180
8182
8170
8146
8080
8140
8082
7974
8072
7994
8090
8005
7915
7978
7950
7979
7929
7890
7953
7927
7953
7879
7916
7886
7969
7897
7902
7947
7869
7816
7781
7870
7838
7891
7796
7885
7865
7845
7825
7852
7897
7805
7887
7893
7867
7957
7858
7911
7878
7895
7884
7868
7928
7916
7811
7866
7866
7876
7939
7893
7854
7864
7906
7810
7899
7859
7810
7907
7848
7892
7845
7835
7864
7913
7871
7894
7856
7868
7825
7925
7894
7914
7865
7829
7823
7910
7817
7975
7957
7817
7998
7887
7920
7938
7817
7854
7911
7883
7845
7938
7819
7937
7931
7882
7848
7874
7876
7837
7869
7841
7844
7869
7766
7860
7818
7836
7885
7916
7893
7846
7802
7830
7864
7920
7830
7927
7839
7896
7866
7939
7890
7934
7919
7934
7830
7917
8012
7926
7972
7935
8002
7895
7942
7976
7986
7919
8016
8068
8070
8079
8042
8108
8057
8018
8105
8087
8063
8077
8138
8110
7987
8053
7986
8083
7982
7975
7983
7983
7959
7884
7836
7818
7821
7787
7946
7835
7765
7820
7832
7797
7811
7800
7707
7746
7772
7762
7816
7760
7786
7832
7822
7803
7761
7781
7763
7744
7773
7799
7750
7756
7788
7708
7709
7762
7785
7812
7711
7748
7773
7768
7793
7729
7793
7678
7642
7592
7587
7670
7758
7967
8114
8384
8677
9044
9320
9549
9738
9881
10153
10263
10181
10108
9836
9626
9212
8716
8164
8009
7699
7656
7562
7551
7579
7560
7682
7642
7748
7702
7731
7749
7712
7757
7771
7778
7753
7746
7749
7754
7740
7816
7746
7780
7719
7761
7795
7713
7714
7792
7784
7774
7828
7776
7724
7822
7810
7791
7730
7844
7828
7736
7886
7854
7798
7805
7796
7844
7777
7874
7847
7899
7872
7845
7778
7883
7940
7873
7950
7783
7855
7861
7908
7921
7896
7943
7885
7918
7875
7968
7923
7860
7973
7951
8035
8012
8004
8015
7999
8013
7982
8109
8041
8035
8089
8195
8079
8143
8136
8182
8236
8251
8150
8196
8229
8257
8215
8205
8320
8274
8286
8247
8294
8287
8288
8306
8356
8264
8300
8264
8348
8252
8242
8336
8275
8280
8194
8221
8312
8248
8256
8211
8181
8175
8145
8133
8118
8135
8001
8053
8072
8070
7991
8005
7976
7997
7996
7926
7882
7892
7859
7912
7913
7845
7854
7885
7827
7812
7827
7812
7772
7855
7814
7842
7811
7792
7798
7798
7830
7761
7820
7826
7829
7794
7861
7831
7780
7767
7834
7811
7777
7896
7883
7854
7866
7733
7867
7869
7876
7913
7860
7760
7793
7915
7711
7770
7787
7845
7792
7840
7805
7873
7868
7757
7884
7862
7858
7822
7818
7766
7864
7835
7804
7863
7824
7853
7764
7857
7820
7737
7904
7821
7821
7770
7818
7869
7878
7835
7866
7748
7829
7874
7762
7797
7841
7868
7860
7771
7846
7817
7787
7816
7848
7793
7829
7779
7832
7797
7852
7775
7775
7798
7765
7805
7796
7806
7874
7719
7792
7798
7790
7820
7824
7881
7816
7814
7891
7916
7830
7824
7860
7925
7875
7952
7847
7839
7967
7903
7870
7896
7914
8018
7989
7982
8058
8046
8038
8003
8017
8010
8012
7994
8044
8031
8052
7995
8007
7994
8008
7934
7969
7897
7912
7835
7813
7833
7797
7750
7752
7784
7756
7777
7779
7745
7783
7766
7729
7695
7686
7748
7765
7731
7805
7791
7725
7658
7795
7747
7678
7713
7750
7713
7733
7750
7738
7806
7696
7713
7656
7739
7717
7732
7736
7664
7721
7723
7664
7632
7620
7559
7472
7530
7560
7803
7887
8075
8323
8601
8923
9245
9565
9687
9960
10114
10285
10170
10052
9798
9554
9126
8665
8174
7933
7682
7480
7482
7424
7545
7581
7650
7595
7577
7692
7669
7711
7724
7724
7719
7740
7677
7713
7739
7734
7701
7751
7750
7735
7732
7767
7715
7726
7691
7733
7724
7772
7721
7709
7772
7781
7811
7822
7784
7763
7768
7786
7752
7777
7773
7745
7743
7826
7753
7790
7840
7774
7767
7866
7884
7741
7768
7796
7796
7863
7788
7816
7871
7861
7809
7899
7898
7839
7870
8012
7893
7925
7953
7955
7924
7991
7965
7913
7949
7981
8002
8015
8027
8038
8115
8131
8069
8041
8085
8156
8133
8154
8161
8213
8188
8179
8191
8217
8255
8165
8191
8227
8260
8243
8202
8301
8236
8297
8268
8285
8274
8237
8211
8264
8329
8242
8249
8222
8188
8189
8241
8167
8201
8149
8112
8089
8149
8082
8038
8104
7991
7940
7980
7893
7949
7897
7883
7885
7806
7890
7903
7829
7851
7868
7799
7882
7841
7827
7746
7795
7807
7780
7861
7793
7842
7731
7724
7785
7820
7673
7758
7772
7800
7816
7766
7814
7769
7788
7808
7799
7769
7769
7817
7772
7849
7660
7727
7774
7802
7824
7835
7794
7810
7858
7747
7741
7741
7778
7834
7783
7795
7699
7775
7739
7810
7800
7796
7794
7740
7831
7848
7828
7781
7840
7778
7824
7831
7790
7773
7748
7863
7888
7879
7791
7771
7819
7787
7798
7819
7766
7781
7824
7852
7815
7768
7781
7734
7791
7765
7795
7865
7806
7709
7741
7736
7755
7855
7762
7731
7794
7811
7777
7807
7698
7785
7762
7794
7871
7770
7839
7799
7821
7797
7741
7848
7907
7922
7795
7840
7891
7766
7861
7833
7898
7899
7879
7883
7893
7856
7947
7898
7923
8029
7957
7992
7973
8024
8016
8034
8026
8054
7939
8032
8002
8001
8074
7908
8025
7948
7987
7919
7903
7874
7845
7814
7755
7771
7784
7765
7706
7748
7826
7752
7755
7716
7721
7735
7771
7736
7743
7662
7758
7897
7681
7760
7812
7822
7728
7712
7645
7731
7736
7719
7694
7673
7718
7746
7739
7734
7738
7726
7706
7728
7753
7699
7737
7752
7639
7604
7551
7549
7550
7574
7762
7882
8116
8279
8657
8884
9186
9520
9722
9872
10122
10249
10178
10089
9858
9622
9107
8608
8243
7913
7630
7524
7513
7453
7453
7548
7633
7595
7687
7663
7717
7681
7699
7711
7679
7738
7723
7748
7728
7787
7750
7683
7740
7744
7758
7689
7750
7745
7783
7791
7719
7782
7795
7720
7783
7817
7730
7767
7835
7800
7813
7760
7767
7846
7805
7868
7799
7794
7846
7723
7780
7770
7859
7826
7874
7802
7814
7821
7826
7922
7927
7819
7892
7854
7918
7873
7844
7945
7832
7874
7964
7921
7892
7965
7962
7945
7964
7913
7892
7905
7985
8042
8015
8092
8087
8046
8143
8152
8050
8112
8107
8191
8193
8172
8282
8168
8176
8220
8179
