7718
7788
7788
7835
7836
7824
7762
7800
7875
7810
7787
7786
7786
7815
7814
7842
7864
7868
7882
7780
7888
7827
7845
7861
7911
7874
7906
7906
7886
7949
7878
7940
7833
7893
7976
7930
7931
7976
7948
7912
7963
7902
7997
8010
7944
7971
8071
8030
7978
8069
7989
7945
8023
8014
8040
8070
7989
8079
8098
8196
8096
8145
8179
8143
8161
8188
8251
8222
8188
8287
8287
8257
8280
8256
8258
8333
8293
8272
8326
8303
8391
8294
8305
8300
8321
8353
8293
8328
8366
8312
8348
8231
8321
8283
8262
8314
8252
8199
8215
8135
8167
8157
8109
8101
8089
8183
8100
8041
8074
7966
8060
7986
7963
8003
7922
7918
7922
7990
7923
7881
7867
7880
7913
7778
7870
7871
7851
7795
7919
7849
7847
7822
7737
7792
7834
7886
7770
7898
7927
7897
7839
7853
7849
7798
7724
7830
7798
7916
7858
7788
7901
7864
7832
7849
7853
7892
7865
7850
7892
7827
7781
7902
7817
7856
7836
7821
7848
7878
7934
7856
7802
7813
7855
7896
7857
7764
7904
7798
7878
7851
7926
7806
7878
7817
7822
7822
7775
7817
7850
7830
7878
7882
7886
7869
7859
7883
7834
7792
7826
7848
7741
7837
7868
7908
7853
7839
7782
7842
7886
7805
7841
7815
7810
7752
7820
7945
7804
7827
7796
7844
7855
7766
7841
7869
7809
7876
7868
7812
7868
7828
7822
7888
7938
7893
7901
7945
7897
7918
7861
7900
7917
7944
7956
8015
7899
7947
7945
7956
8041
7943
8006
8061
8084
8057
8082
8015
8122
8048
8047
8010
8044
8054
7992
7997
7973
7983
8013
7907
7914
7844
7844
7769
7816
7866
7802
7803
7787
7797
7910
7780
7753
7816
7778
7790
7836
7750
7784
7807
7806
7738
7687
7832
7809
7720
7818
7747
7771
7749
7819
7772
7774
7731
7745
7718
7693
7802
7725
7816
7754
7689
7768
7747
7761
7641
7586
7569
7500
7570
7555
7759
7947
8079
8344
8664
8982
9299
9519
9739
9937
10139
10252
10178
10108
9823
9524
9106
8724
8205
7930
7673
7533
7531
7508
7504
7540
7627
7602
7688
7625
7739
7751
7758
7714
7771
7779
7760
7764
7828
7830
7776
7723
7750
7747
7757
7771
7757
7807
7730
7728
7777
7809
7710
7778
7748
7774
7762
7792
7767
7835
7842
7776
7918
7817
7839
7759
7736
7807
7749
7831
7769
7817
7854
7804
7844
7804
7822
7874
7858
7894
7797
7899
7852
7954
7913
7917
7926
7869
7908
7925
7933
8006
7958
7960
7925
7964
7949
7989
7995
7993
7965
8086
8040
8113
8140
8005
8034
8078
8121
8209
8188
8184
8130
8158
8212
8158
8165
8214
8296
8295
8341
8301
8325
8253
8242
8233
8265
8294
8238
8234
8149
8273
8297
8325
8176
8255
8260
8152
8242
8171
8256
8156
8164
8124
8122
8172
8109
8076
8132
7981
8028
7976
7987
7997
7966
7984
7958
7912
7898
7878
7885
7877
7815
7864
7829
7745
7832
7773
7772
7807
7776
7745
7807
7832
7762
7784
7793
7792
7760
7856
7834
7875
7788
7860
7790
7782
7841
7756
7832
7750
7721
7807
7789
7794
7824
7787
7853
7789
7810
7825
7775
7826
7826
7836
7749
7744
7760
7795
7785
7705
7737
7840
7755
7838
7790
7733
7831
7826
7799
7839
7789
7780
7783
7837
7825
7884
7860
7788
7787
7765
7808
7761
7787
7812
7806
7757
7844
7819
7815
7793
7848
7840
7859
7775
7789
7804
7854
7752
7820
7789
7795
7809
7773
7873
7751
7809
7829
7829
7790
7774
7830
7731
7819
7733
7853
7823
7785
7760
7761
7762
7857
7822
7839
7839
7843
7841
7832
7862
7829
7781
7859
7913
7881
7841
7874
7846
7927
7913
7828
7870
7980
8005
8001
8038
7945
8007
7948
7940
8016
7997
8006
7995
8043
7996
8001
8055
7898
7967
7962
7876
7955
7900
7954
7853
7866
7852
7843
7785
7765
7747
7759
7716
7736
7776
7689
7699
7799
7803
7773
7643
7809
7739
7736
7743
7746
7748
7686
7694
7699
7745
7693
7691
7724
7678
7723
7772
7684
7751
7755
7724
7754
7701
7689
7727
7706
7774
7681
7646
7640
7498
7541
7596
7573
7708
7850
8013
8330
8642
8981
9261
9537
9754
9891
10055
10190
10156
10053
9856
9504
9163
8673
8259
7933
7621
7555
7583
7492
7580
7513
7564
7635
7654
7671
7675
7688
7688
7725
7709
7682
7714
7692
7706
7733
7708
7776
7745
7723
7757
7661
7707
7735
7753
7684
7776
7775
7766
7749
7779
7717
7807
7768
7703
7766
7799
7849
7869
7787
7773
7758
7732
7782
7805
7767
7798
7770
7803
7781
7797
7816
7879
7780
7847
7835
7742
7869
7900
7898
7902
7783
7879
7849
7859
7789
7876
7935
7965
7980
7898
7979
7967
7874
8006
7950
8033
8040
7999
8021
8039
8030
8039
8086
8086
8180
8128
8180
8162
8158
8240
8191
8209
8250
8216
8262
8245
8217
8208
8200
8264
8290
8210
8255
8278
8221
8267
8332
8258
8267
8269
8240
8259
8227
8168
8229
8184
8156
8140
8167
8097
8087
8115
8067
8075
8092
8031
7980
7982
7975
7871
7884
7962
7920
7877
7925
7835
7868
7870
7885
7888
7758
7795
7774
7817
7812
7800
7812
7855
7785
7791
7771
7759
7786
7768
7762
7778
7854
7788
7771
7729
7768
7847
7782
7832
7794
7830
7741
7693
7779
7769
7764
7698
7923
7743
7772
7776
7795
7805
7756
7719
7821
7819
7761
7726
7787
7823
7792
7767
7831
7773
7812
7777
7810
7807
7809
7794
7785
7812
7822
7752
7793
7760
7885
7824
7802
7762
7810
7836
7804
7801
7816
7789
7790
7834
7791
7859
7845
7835
7805
7765
7808
7829
7762
7789
7803
7822
7798
7865
7830
7836
7824
7797
7727
7862
7781
7819
7782
7810
7780
7793
7758
7858
7720
7778
7813
7808
7835
7845
7825
7817
7853
7871
7844
7830
7904
7764
7874
7846
7861
7899
7864
7876
7787
7858
7903
7902
7976
7968
7965
7984
7944
7978
8051
8018
8039
8034
8048
8024
7980
7952
8057
8038
7926
7984
7945
7924
7928
7879
7827
7789
7796
7797
7759
7776
7700
7741
7750
7750
7776
7737
7714
7750
7746
7690
7801
7648
7734
7734
7693
7736
7800
7779
7762
7754
7759
7712
7713
7724
7738
7743
7742
7711
7831
7817
7721
7724
7685
7719
7697
7752
7758
7658
7661
7629
7568
7525
7452
7641
7743
7862
8154
8417
8560
8930
9256
9602
9783
9907
10127
10207
10201
9970
9820
9509
9195
8692
8228
7969
7621
7541
7440
7457
7575
7617
7594
7673
7652
7735
7711
7716
7719
7799
7759
7742
7768
7761
7723
7694
7803
7667
7743
7777
7788
7780
7772
7784
7724
7712
7779
7762
7830
7806
7735
7836
7751
7893
7768
7771
7719
7795
7797
7756
7860
7810
7804
7754
7797
7782
7890
7779
7804
7843
7814
7918
7871
7802
7846
7844
7902
7825
7926
7891
7932
7868
7863
7921
7902
7936
7945
7849
8029
7884
7920
7922
7946
7920
8009
8009
7966
8066
8072
8060
8047
8122
8010
8100
8159
8152
8240
8201
8168
8257
8242
8265
8203
8237
8277
8247
8205
8255
8219
8264
8281
8189
8246
8274
8309
8250
8268
8357
8300
8335
8337
8281
8286
8245
8307
8184
8215
8175
8193
8114
8145
8109
8107
8112
8073
7987
8055
8022
8040
7914
7921
7980
7890
7976
7932
7957
7906
7882
7863
7921
7838
7889
7830
7782
7888
7852
7864
7906
7769
7862
7801
7764
7863
7802
7810
7805
7739
7847
7785
7828
7768
7849
7804
7773
7804
7818
7842
7874
7809
7732
7802
7785
7819
7777
7794
7789
7877
7822
7882
7859
7776
7834
7809
7813
7859
7795
7808
7804
7785
7831
7822
7782
7852
7838
7908
7825
7868
7826
7864
7834
7802
7873
7826
7824
7817
7870
7837
7759
7867
7876
7867
7835
7895
7860
7886
7880
7758
7794
7870
7866
7803
7840
7908
7948
7818
7861
7873
7807
7817
7848
7848
7738
7881
7878
7856
7833
7815
7814
7887
7823
7852
7895
7872
7713
7815
7919
7800
7746
7821
7879
7821
7839
7912
7860
7944
7879
7888
7823
7891
7883
7994
7945
7858
7973
7889
8005
7932
8027
8006
8012
7970
7984
8093
8025
8049
8058
8019
8071
8015
8056
8056
8017
8078
8033
8006
8028
7995
7895
7963
7893
7953
7907
7855
7838
7856
7836
7811
7824
7788
7829
7800
7830
7751
7904
7787
7727
7720
7748
7786
7738
7804
7751
7793
7737
7770
7753
7797
7749
7821
7848
7777
7818
7724
7818
7781
7719
7724
7780
7731
7749
7760
7677
7783
7715
7738
7576
7588
7580
7635
7856
7934
8106
8359
8698
8950
9349
9580
9791
9986
10166
10252
10211
10128
9936
9551
9254
8765
8322
8034
7721
7557
7514
7544
7574
7631
7691
7679
7679
7793
7632
7694
7781
7831
7779
7775
7791
7827
7829
7767
7825
7770
7841
7816
7726
7802
7796
7874
7792
7821
7782
7790
7798
7817
7815
7741
7814
7859
7829
7813
7848
7887
7916
7844
7871
7826
7884
7931
7930
7885
7877
7835
7856
7854
7870
7904
7907
7934
7905
7874
7916
8002
7935
7930
7861
7943
7963
7940
7994
8011
8030
7976
