8103
8081
8077
8187
8002
8118
8140
8193
8142
8092
8121
8119
8080
8152
8044
8037
8093
8107
8057
8125
8122
8111
8188
8136
8125
8085
8112
8138
8179
8079
8065
8114
8131
8151
8043
8123
8118
8099
8091
8130
8085
8111
8117
8120
8066
8092
8113
8024
8057
8108
8101
8155
8078
8054
8137
8086
8215
8117
8093
8137
8082
8109
8132
8132
8126
8161
8167
8150
8219
8215
8139
8184
8206
8187
8222
8297
8287
8319
8247
8319
8285
8272
8270
8305
8412
8354
8287
8261
8252
8309
8350
8281
8287
8202
8237
8220
8216
8077
8192
8125
8109
8117
8076
8096
8070
8047
8097
8075
8033
8022
8079
8004
8035
8023
8040
8057
8074
7961
8004
8013
8028
7989
8027
8048
7982
8003
7997
8084
7969
8039
8046
7992
8006
7984
7958
8016
8016
7963
8025
8013
7994
8003
7889
7904
7865
7782
7795
7850
8044
8179
8363
8588
8875
9114
9518
9822
9925
10213
10401
10476
10362
10376
10203
9877
9381
8921
8440
8188
7981
7822
7789
7795
7785
7841
7864
7873
7892
8013
8011
7958
7901
8004
8033
7955
8053
8073
8027
8063
7998
8019
8071
8014
7937
7976
7963
7990
8017
8033
8062
8061
8025
8025
8058
8058
8019
8064
8054
8026
8130
8039
8030
8055
8072
8040
8024
8050
8061
8099
8053
8059
8050
8089
8074
8047
8129
8015
8090
8120
8168
8136
8150
8122
8200
8136
8104
8179
8081
8185
8178
8137
8196
8225
8157
8221
8232
8216
8254
8270
8245
8307
8334
8260
8276
8244
8311
8281
8412
8375
8390
8462
8423
8388
8392
8448
8468
8477
8475
8493
8432
8503
8543
8457
8537
8494
8509
8514
8509
8516
8516
8504
8543
8568
8472
8415
8471
8502
8508
8425
8422
8440
8453
8390
8393
8350
8308
8317
8305
8373
8250
8205
8159
8217
8197
8132
8152
8147
8064
8204
8124
8028
8065
8066
8089
8066
8014
8002
8086
7996
8032
8067
8087
8048
8068
8076
8014
8017
8037
8048
7946
7993
8047
8000
8016
8028
7977
8000
8019
8035
8090
7970
8056
8041
8050
7996
8040
8052
8083
7962
7995
7978
8022
7945
8069
7941
8041
7968
8023
8028
8042
7970
8037
8001
8071
7994
7977
8025
8013
8080
8055
8011
7991
7998
7957
8044
8065
8064
8076
7980
8018
8076
8049
8008
8047
8091
8052
8012
8034
8031
8050
8001
8016
8055
8040
8097
8077
8050
8010
8033
8028
7995
8044
8047
7971
7995
8024
8027
8045
8005
8041
8036
8021
8041
7969
8003
8007
8028
8058
8043
8009
8096
8041
8018
8071
8011
8104
8117
8142
8009
8040
8018
8095
8070
8084
8114
8110
8123
8114
8119
8144
8180
8148
8212
8169
8219
8204
8209
8216
8202
8263
8327
8193
8136
8177
8186
8153
8085
8172
8147
8092
8158
8023
8010
8111
8069
7990
8019
7948
7986
7982
8000
8014
7917
7990
7902
7917
7930
7914
7945
7899
7883
7915
8063
7867
7930
7938
7947
7924
7948
7905
7883
7955
7846
7858
7934
7892
7900
7974
7831
7893
7848
7949
7944
7911
8006
7923
7893
7786
7756
7688
7716
7783
7926
8096
8196
8503
8767
9103
9486
9714
9903
10132
10291
10348
10215
10293
10027
9705
9335
8749
8476
8125
7850
7694
7722
7715
7754
7864
7844
7836
7821
7814
7838
7926
7830
7847
7851
7898
7891
7949
7847
7923
7858
7867
7905
7961
7887
7843
7934
7886
7853
7921
7876
7908
7897
7955
7892
7930
7910
7933
7885
7919
8002
8019
7980
7969
7980
7950
7975
7980
7984
7981
8022
8016
8074
8013
7980
7977
8025
7969
8071
8062
7992
8010
8038
7989
8038
8094
8117
8024
8122
8037
8075
8128
8062
8108
8125
8103
8129
8117
8116
8198
8168
8201
8200
8187
8216
8274
8307
8297
8283
8319
8271
8350
8384
8375
8439
8445
8403
8331
8287
8475
8452
8438
8455
8422
8456
8438
8437
8482
8378
8435
8473
8421
8445
8449
8460
8397
8378
8398
8400
8351
8323
8425
8340
8373
8251
8240
8235
8217
8183
8152
8135
8154
8113
8168
8076
8122
8040
8118
8043
8078
8001
7975
8004
8029
7951
7974
7967
7942
7965
7926
7949
7902
7888
7994
7947
7954
7903
7926
7886
7874
8024
7988
7931
7932
7912
7930
7971
7890
7974
7963
7904
7971
7969
7943
7922
7921
7976
7942
7967
7886
7921
7930
7922
7970
7897
7988
7928
7879
7872
7944
7910
7874
7895
7947
7816
7983
7954
7957
7888
7977
7970
7945
7914
7955
7912
7909
7941
7911
7918
7879
7898
7943
7981
7963
7924
7921
8007
7883
7915
7885
7915
8024
7878
7983
8015
7937
7958
7970
7890
7916
7922
7878
7912
7929
7944
7915
7924
7884
7922
7885
7889
7928
7892
7927
7879
7982
7884
7876
7911
7936
7956
7931
7947
7981
7923
7947
8012
7935
8001
7949
7954
8027
8007
7984
7945
8031
7993
8004
8039
8071
8040
8086
8068
8164
8054
8118
8068
8115
8125
8132
8062
8155
8204
8135
8098
8097
8114
8081
8068
8060
8067
7941
7962
8000
7973
7951
7927
7930
7861
7893
7888
7829
7827
7825
7856
7904
7860
7834
7852
7797
7799
7883
7912
7840
7850
7895
7853
7895
7877
7875
7798
7898
7825
7763
7818
7785
7811
7792
7832
7773
7823
7836
7887
7854
7787
7764
7791
7824
7788
7645
7622
7643
7620
7836
8059
8173
8397
8685
9035
9347
9590
9778
10008
10311
10272
10290
10188
9929
9569
9312
8761
8383
7942
7746
7561
7596
7615
7693
7664
7691
7717
7750
7735
7825
7759
7821
7841
7784
7821
7768
7823
7856
7898
7846
7856
7817
7823
7842
7809
7864
7798
7818
7828
7775
7873
7852
7951
7793
7829
7837
7857
7838
7855
7824
7872
7878
7939
7813
7890
7851
7897
7871
7831
7816
7884
7905
7954
7920
7890
7912
7924
7885
7823
7932
7912
7981
7980
7946
7917
7990
8015
7935
7970
7995
8018
8081
7994
7982
8028
8009
8105
8089
8138
8086
8150
8101
8175
8184
8135
8140
8177
8202
8272
8180
8285
8276
8226
8284
8253
8244
8304
8247
8308
8384
8317
8326
8337
8369
8339
8320
8369
8295
8297
8366
8341
8325
8377
8321
8300
8324
8301
8266
8242
8226
8250
8255
8211
8235
8119
8235
8105
8122
8194
8053
8162
8102
8096
8007
8018
7950
7962
7951
8042
7972
7970
7938
7986
7786
7865
7881
7809
7803
7915
7890
7915
7826
7806
7823
7738
7852
7833
7861
7802
7872
7863
7812
7883
7859
7859
7805
7779
7858
7855
7854
7865
7910
7747
7836
7889
7822
7890
7904
7820
7842
7804
7848
7874
7874
7808
7877
7817
7859
7842
7884
7828
7832
7896
7870
7823
7787
7834
7832
7825
7833
7922
7906
7890
7833
7863
7838
7876
7834
7790
7811
7808
7899
7772
7867
7908
7857
7827
7849
7898
7884
7894
7806
7866
7870
7913
7877
7913
7903
7825
7840
7878
7889
7957
7885
7863
7833
7766
7841
7853
7870
7799
7856
7872
7844
7846
7815
7902
7875
7833
7853
7790
7882
7839
7931
7898
7861
7878
7891
7952
7885
7841
7883
7919
7894
7930
7938
8017
7925
7967
8033
7930
7993
8053
8047
8008
8074
8058
8099
8091
8100
8026
8052
8034
8064
8025
7984
8099
8053
7945
8015
7955
7919
7902
7883
7946
7867
7848
7864
7849
7817
7824
7867
7840
7829
7781
7780
7755
7788
7731
7869
7737
7737
7776
7768
7813
7802
7812
7809
7803
7689
7777
7719
7775
7742
7835
7686
7744
7786
7754
7710
7744
7809
7690
7788
7789
7690
7758
7588
7553
7619
7600
7637
7796
7950
8064
8432
8678
8974
9270
9598
9699
9975
10184
10198
10197
10088
9878
9594
9170
8634
8296
7988
7710
7537
7472
7507
7563
7580
7675
7652
7677
7706
7763
7706
7755
7746
7737
7642
7744
7789
7795
7819
7707
7822
7778
7765
7735
7719
7815
7759
7779
7755
7783
7820
7808
7806
7829
7804
7848
7770
7835
7745
7855
7779
7867
7804
7770
7750
7877
7787
7869
7815
7785
7829
7865
7845
7859
7861
7906
7888
7879
7922
7837
7897
7864
7895
7852
7881
7902
7944
7921
7885
7845
7943
7929
7972
7944
7933
7980
7947
7964
8103
8018
8057
8073
8047
8049
8003
8156
8147
8150
8117
8200
8226
8251
8240
8195
8202
8266
8229
8290
8283
8302
8239
8277
8272
8290
8293
8293
8270
8261
8283
8280
8299
8271
8298
8257
8235
8272
8244
8259
8235
8253
8199
8101
8132
8160
8143
8055
8039
8078
8068
8033
7928
7964
8005
7963
7984
7885
7964
7857
7910
7834
7805
7816
7858
7838
7847
7844
7811
7782
7870
7791
7808
7859
7893
7791
7821
7826
7906
7784
7851
7776
7797
7777
7743
7813
7794
7735
7798
7730
7807
7772
7764
7830
7873
7868
7843
7806
7870
7857
7747
7800
7800
7811
7778
7838
7858
7779
7749
7800
7716
7847
7856
7845
7840
7810
7771
7836
7880
7722
7807
7844
7799
7849
7854
7736
7818
7840
7838
7733
7767
7841
7774
7832
7818
7752
7756
7783
7755
7842
7777
7819
7845
7765
7781
7825
7790
7863
7827
7856
7796
7802
7820
7794
7826
7905
7852
7794
7867
7769
7782
7804
7806
7791
