8209
8196
8204
8112
8202
8207
8232
8291
8269
8306
8287
8371
8263
8333
8288
8355
8344
8327
8372
8347
8369
8259
8294
8338
8293
8236
8192
8229
8154
8142
8039
8066
8168
8113
8068
8193
8031
8050
8124
8096
8069
8072
8126
8039
8061
8015
8016
8072
8052
8092
8107
8047
8061
8092
8020
8028
8041
7994
8094
8071
8034
8102
8016
8004
8122
8070
8063
7999
8059
8041
8056
8151
8017
8015
7985
7886
7828
7796
7912
8064
8194
8392
8691
8858
9292
9538
9818
10074
10281
10382
10533
10508
10351
10167
9821
9523
9000
8557
8212
7984
7851
7757
7822
7782
7867
7942
7959
8010
7977
7968
8045
8021
8071
8039
8056
8051
8103
8031
8066
8063
8059
8085
8043
8051
8016
8089
8126
8063
8074
8065
8070
8124
8121
8019
8119
8096
8087
8138
8092
8103
8084
8124
8125
8153
8140
8125
8201
8124
8166
8117
8119
8124
8165
8159
8208
8199
8222
8179
8156
8230
8230
8207
8166
8142
8241
8204
8250
8244
8321
8201
8199
8259
8288
8222
8322
8269
8342
8310
8348
8345
8325
8368
8489
8485
8431
8386
8444
8529
8464
8425
8538
8462
8520
8537
8550
8534
8544
8558
8525
8693
8517
8606
8601
8577
8567
8584
8620
8600
8643
8539
8700
8658
8599
8648
8574
8608
8546
8544
8532
8541
8559
8554
8463
8480
8506
8453
8464
8421
8383
8324
8414
8301
8329
8274
8302
8201
8270
8221
8191
8226
8192
8229
8182
8142
8204
8193
8222
8210
8135
8084
8078
8141
8201
8220
8188
8139
8065
8141
8131
8180
8190
8173
8114
8033
8116
8083
8169
8062
8085
8132
8145
8133
8123
8153
8072
8169
8139
8155
8132
8065
8200
8176
8172
8136
8223
8212
8144
8228
8180
8171
8132
8167
8210
8161
8126
8101
8187
8121
8182
8182
8148
8199
8160
8174
8136
8070
8181
8198
8216
8130
8218
8150
8189
8116
8221
8203
8124
8204
8204
8158
8128
8197
8159
8186
8209
8124
8160
8237
8243
8154
8179
8081
8183
8211
8145
8194
8212
8149
8224
8162
8173
8112
8156
8239
8146
8174
8264
8158
8205
8187
8253
8125
8205
8204
8192
8268
8193
8321
8184
8168
8201
8253
8301
8257
8291
8262
8252
8265
8257
8312
8333
8311
8330
8374
8367
8436
8409
8331
8312
8393
8394
8395
8370
8339
8388
8340
8340
8334
8275
8282
8261
8204
8234
8226
8184
8162
8151
8248
8146
8123
8170
8159
8098
8092
8076
8153
8054
8096
8150
8017
8048
8023
8200
8077
8162
8075
8107
8126
8058
8170
8072
8093
8123
8174
8139
8190
8093
8129
8121
8069
8118
8107
8151
8100
8107
8093
8090
7937
7920
7828
7978
7958
8107
8279
8492
8718
9003
9238
9612
9908
10054
10280
10514
10556
10522
10462
10294
9954
9587
9116
8633
8281
8035
7912
7854
7884
7933
7955
7966
8069
8030
8101
8089
8057
8084
8091
8122
8072
8085
8005
8161
8115
8146
8134
8109
8163
8160
8150
8067
8138
8143
8099
8158
8136
8122
8123
8186
8081
8165
8181
8147
8144
8182
8200
8196
8141
8208
8120
8178
8175
8154
8098
8149
8264
8217
8254
8244
8278
8169
8251
8172
8249
8197
8275
8164
8222
8308
8250
8178
8283
8228
8348
8333
8290
8253
8231
8378
8337
8423
8376
8320
8300
8412
8383
8462
8411
8480
8461
8444
8498
8480
8528
8503
8577
8581
8498
8595
8592
8538
8529
8611
8642
8599
8628
8587
8657
8642
8690
8688
8646
8685
8681
8646
8684
8619
8644
8680
8622
8670
8641
8538
8563
8547
8552
8565
8535
8421
8505
8470
8461
8427
8404
8410
8373
8353
8379
8303
8276
8351
8376
8203
8294
8227
8239
8309
8272
8216
8197
8242
8219
8192
8251
8163
8269
8270
8207
8139
8180
8176
8196
8169
8187
8254
8129
8180
8179
8106
8191
8115
8198
8172
8125
8292
8162
8168
8131
8146
8147
8231
8210
8195
8199
8190
8184
8208
8247
8260
8211
8271
8179
8211
8142
8144
8180
8182
8132
8160
8259
8120
8192
8158
8180
8201
8302
8201
8151
8237
8199
8233
8208
8215
8188
8159
8175
8246
8158
8164
8178
8242
8255
8188
8224
8233
8182
8225
8256
8185
8176
8215
8215
8248
8151
8310
8182
8181
8140
8158
8162
8217
8196
8178
8186
8245
8245
8186
8162
8177
8232
8211
8197
8195
8195
8209
8174
8268
8303
8260
8261
8292
8214
8185
8219
8343
8218
8337
8260
8347
8310
8304
8362
8309
8375
8305
8401
8339
8500
8428
8340
8391
8489
8350
8428
8386
8398
8431
8302
8349
8462
8319
8420
8355
8368
8308
8267
8273
8219
8280
8244
8190
8137
8165
8172
8170
8176
8137
8195
8217
8209
8143
8121
8113
8137
8121
8165
8156
8089
8107
8097
8157
8130
8137
8121
8174
8033
8144
8195
8172
8207
8138
8095
8147
8175
8102
8128
8099
8103
8107
8099
8129
8011
8044
7963
7932
7924
7980
8198
8340
8436
8681
9012
9379
9648
9934
10049
10291
10418
10569
10609
10413
10201
9984
9533
8955
8589
8278
8008
7925
7843
7910
7916
7938
8019
8018
7986
8072
8057
8157
8085
8136
8170
8123
8071
8125
8051
8107
8076
8170
8155
8158
8129
8169
8120
8175
8148
8170
8149
8181
8146
8166
8194
8194
8137
8181
8211
8194
8140
8187
8236
8215
8154
8205
8244
8138
8151
8122
8200
8167
8186
8222
8132
8185
8299
8283
8260
8232
8217
8201
8160
8314
8180
8334
8312
8280
8341
8294
8330
8314
8350
8342
8306
8326
8305
8377
8399
8386
8352
8375
8527
8463
8440
8447
8495
8547
8446
8521
8503
8619
8463
8512
8489
8568
8659
8582
8598
8753
8668
8601
8683
8692
8590
8649
8647
8656
8677
8668
8681
8622
8602
8675
8615
8546
8663
8634
8572
8578
8573
8583
8536
8552
8541
8480
8466
8407
8407
8472
8453
8386
8333
8358
8363
8228
8366
8294
8317
8227
8215
8278
8193
8206
8222
8167
8115
8159
8150
8216
8195
8235
8208
8169
8188
8237
8158
8093
8207
8172
8196
8100
8202
8142
8166
8244
8176
8216
8188
8109
8157
8216
8153
8147
8196
8247
8165
8217
8244
8157
8124
8176
8154
8208
8220
8203
8266
8155
8192
8156
8206
8221
8118
8193
8231
8236
8173
8137
8175
8213
8185
8215
8127
8154
8146
8256
8202
8206
8159
8176
8145
8201
8199
8170
8174
8103
8219
8185
8184
8092
8200
8282
8216
8115
8220
8162
8167
8166
8164
8184
8159
8149
8239
8171
8146
8174
8212
8158
8192
8153
8176
8180
8174
8184
8165
8190
8189
8181
8208
8172
8233
8181
8235
8197
8274
8255
8186
8192
8253
8263
8194
8223
8298
8232
8293
8305
8279
8285
8308
8253
8305
8350
8330
8383
8365
8374
8427
8398
8405
8438
8356
8359
8342
8414
8350
8355
8385
8362
8384
8329
8294
8329
8278
8249
8131
8199
8162
8202
8091
8153
8145
8157
8150
8164
8128
8076
8087
8096
8137
8149
8053
8151
8117
8140
8105
8134
8120
8157
8083
8119
8102
8024
8111
8185
8191
8043
8118
8032
8086
8044
8102
8099
8117
8080
8054
8062
8029
8043
7936
7921
7886
7919
7940
8161
8270
8478
8694
8940
9294
9649
9851
9992
10295
10396
10565
10535
10428
10238
9883
9524
9088
8641
8294
8014
7862
7855
7947
7881
8001
7963
7925
7975
8034
8100
8011
8143
8067
8105
8041
8106
8113
8082
8079
8133
8081
8055
8117
8105
8094
8072
8109
8075
8079
8114
8158
8095
8104
8092
8046
8100
8130
8129
8141
8098
8122
8187
8163
8126
8094
8158
8112
8153
8131
8148
8144
8115
8228
8226
8203
8176
8153
8198
8235
8218
8194
8207
8230
8191
8238
8261
8229
8256
8232
8183
8210
8275
8308
8218
8237
8308
8301
8319
8398
8399
8349
8427
8398
8391
8379
8421
8488
8454
8484
8489
8534
8518
8514
8583
8579
8546
8523
8537
8536
8572
8594
8635
8571
8559
8502
8618
8553
8589
8629
8624
8602
8555
8617
8641
8563
8611
8605
8504
8482
8559
8552
8548
8507
8477
8432
8441
8424
8458
8311
8418
8281
8331
8253
8323
8230
8304
8312
8234
8266
8211
8152
8135
8149
8110
8144
8210
8163
8170
8144
8143
8193
8176
8122
8134
8174
8066
8118
8103
8127
8108
8163
8122
8156
8201
8110
8111
8126
8152
8193
8177
8189
8105
8130
8079
8131
8195
8125
8164
8237
8136
8047
8154
8188
8129
8103
8103
8070
8120
8158
8139
8130
8106
8108
8070
8194
8117
8101
8162
8148
8086
8186
8215
8118
8216
8059
8187
8166
8133
8129
8100
8144
8125
8187
8139
8190
8134
8110
8109
8191
8132
8176
8107
8140
8075
8122
8133
8092
8150
8083
8118
8122
8125
8140
8159
8122
8109
8109
8114
8179
8111
8093
8138
8154
8086
8133
8082
8110
8169
8069
8163
8117
8181
8086
8145
8192
8187
8259
8168
8180
8190
8171
8198
8250
8158
8248
8200
8263
8205
8194
8286
8277
8295
8333
8308
8345
8223
8278
8340
8318
8234
8360
8280
8322
8319
8334
8315
8284
8327
8281
8255
8140
8156
8118
8108
8159
8100
8101
8080
8116
8096
8077
8102
8050
8152
8046
8084
8144
8040
8006
8086
8066
