8561
8626
8604
8584
8513
8545
8421
8472
8443
8462
8366
8397
8398
8333
8317
8321
8263
8256
8271
8262
8228
8188
8323
8240
8192
8177
8219
8194
8195
8158
8151
8184
8186
8175
8187
8187
8101
8193
8148
8230
8167
8176
8142
8241
8135
8206
8145
8149
8225
8219
8188
8166
8247
8149
8239
8139
8109
8143
8230
8216
8157
8186
8185
8243
8174
8200
8153
8196
8153
8247
8196
8169
8174
8221
8233
8165
8196
8201
8224
8221
8191
8188
8184
8178
8215
8245
8244
8114
8182
8248
8206
8233
8133
8167
8191
8141
8191
8216
8214
8137
8228
8182
8184
8155
8176
8185
8204
8194
8196
8143
8186
8153
8190
8200
8210
8211
8199
8119
8194
8205
8154
8263
8217
8153
8179
8181
8199
8166
8155
8177
8205
8176
8152
8265
8267
8191
8235
8309
8257
8263
8239
8259
8267
8315
8355
8344
8265
8332
8331
8320
8362
8311
8300
8423
8354
8385
8371
8444
8485
8426
8378
8451
8440
8363
8391
8337
8400
8476
8280
8339
8310
8340
8226
8182
8283
8184
8166
8186
8179
8118
8174
8138
8136
8125
8180
8181
8182
8125
8180
8156
8154
8130
8124
8166
8209
8149
8108
8204
8082
8127
8108
8073
8106
8090
8105
8072
8064
8094
8111
8123
8114
8175
8099
8141
8046
8097
8010
8012
7979
7912
7910
7878
7948
8195
8276
8469
8724
9053
9288
9567
9896
10156
10330
10566
10629
10571
10423
10252
9911
9537
9032
8608
8319
8090
7903
7864
7903
7952
7993
8002
7981
7998
8071
8103
8154
8114
8109
8080
8157
8118
8149
8167
8127
8111
8087
8104
8098
8111
8135
8139
8191
8121
8149
8163
8104
8161
8225
8117
8114
8140
8108
8197
8168
8193
8135
8170
8214
8191
8163
8246
8232
8202
8227
8177
8246
8201
8217
8205
8180
8185
8226
8214
8236
8269
8228
8191
8244
8241
8293
8175
8274
8308
8249
8325
8280
8381
8321
8321
8417
8351
8351
8343
8479
8399
8368
8361
8450
8491
8482
8500
8477
8493
8569
8471
8536
8586
8617
8561
8577
8640
8630
8604
8576
8553
8629
8614
8611
8591
8666
8684
8646
8614
8732
8605
8609
8665
8732
8579
8645
8598
8686
8585
8605
8579
8664
8573
8513
8509
8596
8448
8466
8419
8341
8349
8392
8398
8342
8198
8260
8310
8327
8304
8235
8220
8276
8205
8267
8221
8182
8169
8258
8192
8155
8220
8215
8214
8263
8209
8201
8096
8257
8189
8153
8164
8158
8195
8245
8177
8184
8194
8134
8178
8138
8154
8135
8223
8142
8154
8137
8183
8163
8227
8180
8155
8190
8253
8228
8138
8197
8169
8155
8202
8145
8129
8241
8259
8173
8227
8091
8241
8208
8252
8181
8168
8167
8144
8163
8191
8213
8248
8186
8214
8195
8230
8149
8130
8192
8164
8158
8160
8176
8217
8135
8194
8161
8179
8161
8208
8183
8188
8308
8188
8201
8170
8200
8154
8125
8180
8180
8246
8186
8206
8157
8172
8208
8228
8206
8187
8081
8208
8144
8123
8249
8212
8235
8234
8236
8198
8231
8207
8174
8270
8257
8222
8246
8293
8291
8227
8284
8304
8231
8346
8299
8341
8397
8333
8318
8364
8341
8402
8413
8346
8389
8426
8406
8371
8382
8319
8331
8311
8332
8310
8359
8285
8330
8258
8214
8209
8165
8111
8216
8138
8107
8165
8166
8142
8136
8081
8108
8075
8128
8055
8089
8170
8158
8156
8047
8134
8132
8058
8115
8098
8086
8093
8073
8006
8132
8113
8093
8098
8082
8126
8065
8077
8103
8127
8108
8131
8138
8034
8040
8011
7822
7932
7913
7965
8070
8268
8457
8702
8890
9357
9562
9879
10090
10316
10469
10618
10588
10419
10166
9905
9519
9022
8624
8296
8076
7860
7794
7870
7936
7906
7960
7966
8029
8020
7963
8105
8048
8086
8086
8111
8073
8183
8161
8028
8073
8146
8119
8130
8072
8141
8135
8144
8072
8070
8148
8155
8155
8152
8107
8115
8124
8123
8192
8163
8165
8204
8089
8197
8178
8164
8175
8118
8240
8143
8133
8188
8149
8151
8208
8121
8198
8199
8180
8156
8354
8246
8325
8245
8203
8243
8262
8165
8240
8288
8249
8293
8271
8327
8278
8260
8313
8309
8391
8375
8336
8411
8423
8349
8362
8402
8479
8407
8456
8516
8476
8511
8573
8568
8578
8569
8469
8591
8662
8633
8611
8621
8600
8588
8580
8562
8636
8711
8485
8656
8628
8605
8665
8684
8592
8679
8669
8657
8624
8598
8627
8526
8545
8554
8390
8525
8411
8460
8287
8329
8429
8317
8299
8303
8295
8306
8184
8266
8214
8236
8196
8177
8174
8166
8116
8166
8111
8188
8173
8174
8095
8145
8095
8198
8133
8174
8127
8242
8112
8130
8143
8122
8170
8110
8144
8137
8128
8169
8135
8074
8131
8169
8171
8143
8133
8129
8224
8158
8163
8142
8152
8192
8148
8069
8127
8118
8140
8201
8185
8122
8103
8202
8117
8152
8149
8195
8199
8177
8082
8205
8119
8183
8118
8153
8076
8179
8158
8141
8173
8157
8113
8071
8082
8137
8140
8228
8176
8143
8152
8166
8178
8147
8117
8087
8070
8147
8189
8201
8136
8168
8151
8139
8186
8241
8108
8113
8128
8176
8140
8072
8098
8134
8121
8109
8148
8165
8142
8049
8114
8097
8182
8119
8181
8237
8125
8165
8143
8168
8217
8179
8255
8208
8170
8232
8187
8281
8255
8273
8206
8300
8267
8290
8214
8306
8293
8371
8391
8349
8331
8370
8357
8353
8397
8394
8406
8348
8312
8274
8293
8244
8315
8242
8181
8153
8131
8191
8171
8123
8102
8111
8135
8040
8119
8073
8069
8047
8087
8072
8007
8104
8113
8013
8017
8056
8019
8041
8037
8048
8065
8097
8007
8055
8048
7978
8024
7972
8066
8064
8063
7972
8080
8031
8064
8004
8014
8018
8040
8019
7916
7910
7916
7856
7867
8072
8229
8437
8656
8939
9194
9593
9833
10118
10289
10369
10574
10503
10321
10123
9872
9516
8967
8509
8279
8034
7888
7817
7823
7846
7890
7953
8029
8011
8032
7932
8026
8086
8025
8049
7999
8070
8079
8017
8081
7982
8073
8010
8095
8054
8073
8050
7963
8051
8130
8068
8045
8149
7989
8106
8047
8088
8133
8012
8057
8023
8114
8082
8025
8094
8107
8096
8168
8069
8097
8116
8137
8146
8157
8197
8115
8136
8169
8173
8117
8092
8120
8217
8195
8125
8119
8123
8156
8169
8250
8267
8205
8204
8249
8261
8203
8290
8224
8343
8337
8292
8305
8305
8283
8425
8428
8360
8390
8500
8425
8427
8429
8450
8513
8440
8445
8523
8573
8524
8588
8507
8599
8561
8510
8529
8503
8533
8576
8581
8542
8610
8599
8575
8555
8551
8524
8506
8517
8514
8571
8549
8442
8411
8467
8453
8399
8386
8350
8383
8250
8255
8350
8270
8253
8203
8227
8145
8163
8147
8171
8137
8117
8082
8211
8149
8132
8114
8102
8098
8059
8033
8113
8107
8070
8037
8045
8082
8064
8100
8128
8042
8089
8108
8064
8090
8142
8061
8062
8209
7996
8033
8047
8117
8046
8085
8123
8097
8062
8138
8033
8063
8089
8072
8068
8102
8076
8069
8113
8069
8127
8072
8110
8106
8070
8071
8093
8071
8028
8074
8025
8044
8060
8081
8064
8053
8115
8046
8113
8120
8060
8033
8100
8173
8086
8015
8017
8069
8083
7992
8015
8126
8158
8104
8068
8074
8063
8097
8048
8082
8105
8079
8072
8012
8113
8128
8101
8085
8094
8147
7988
8096
8012
8051
8057
8068
8000
8025
8000
8100
7973
8060
8090
8051
8137
8093
8075
8102
8177
8180
8064
8135
8159
8192
8157
8161
8168
8136
8169
8086
8166
8203
8197
8199
8266
8288
8264
8231
8332
8267
8255
8276
8328
8282
8371
8244
8256
8203
8191
8227
8240
8101
8111
8103
8164
8064
8043
8044
7980
8030
8051
7984
7968
7996
8045
7929
7979
8017
7987
8011
7933
7969
7988
7887
8061
7991
7959
8050
7993
7974
8003
7934
8022
8049
7968
8033
7977
7938
7959
8011
8030
8025
7894
8014
7998
7996
7954
7892
7919
7856
7851
7791
7785
7806
8011
8130
8364
8497
8842
9200
9482
9749
9937
10167
10300
10505
10426
10342
10072
9738
9390
8936
8470
8172
7914
7735
7670
7697
7742
7833
7802
7840
7993
7870
7953
7926
7941
7985
7941
7933
7960
7956
7960
8025
7971
7954
7858
8029
7970
7985
7989
8029
8012
8006
8007
8029
8002
8018
7959
8018
8042
7931
7982
7935
7940
7958
8049
7979
8029
8048
7959
7990
8047
8043
8025
7998
8011
8034
8057
8054
8097
8091
8034
8033
8041
8103
8098
7983
8075
8077
8099
8081
8126
8131
8126
8202
8132
8181
8191
8059
8166
8139
8185
8187
8273
8203
8195
8319
8267
8343
8327
8227
8354
8389
8369
8318
8474
8382
8342
8421
8374
8445
8420
8465
8435
8509
8510
8430
8509
8456
8472
8413
8459
8443
8529
8524
8446
8448
8480
8458
8445
8374
8376
8474
8340
8264
8364
8440
8293
8254
8307
8329
8173
8221
8215
8219
8275
8177
8086
8136
8122
8114
8031
8095
8090
8107
8018
8005
8022
8068
7971
8068
8023
7962
8015
8036
8016
7949
7980
7939
8070
8008
8064
7967
7868
8007
8012
8005
7954
7999
7929
7967
